2.72996236297374	6.6242772754712345	3.175318812314944	4.895995079625832	4.194279397679179	6.614725724757289	7.527986485543419	5.935907488738911	6.2201968538908305	4.730502653547431	
6.304020419897187	4.423577934448471	6.857925712061043	6.935482314910149	3.0169214365883557	3.1487955955680995	4.694170175209733	7.451189451073709	3.7406366833176157	6.060504254909127	
4.029642341649037	6.6933660188461	7.36628982188278	4.1693275989680725	6.637795593333781	4.112366494175674	2.423475240959811	6.813588752867109	7.778919400737736	6.027071811965459	
7.572604156913945	5.247934377893021	3.0148995667406866	5.0305247950581515	4.465127696229349	2.4381854662165923	4.866561842938465	3.0384631582858597	5.831761867618405	4.554203541251422	
5.643857123174866	4.149754627420059	7.490636173682039	4.420626218101635	3.2328005393169	6.746158577009647	2.9389688734881765	3.8816171128201473	4.460547523609713	2.6757834037691675	
7.600103775362099	7.181023409146011	4.597942533197546	5.350937824036887	6.657531390141082	7.431939841429821	6.862132450826475	5.123197011281753	3.6640811172788497	3.8825414869088952	
3.6229661220183282	3.909520526135966	7.427941460254844	2.7753814250592446	6.194023171804694	3.549105406988481	7.731873299575312	4.55418005818867	4.294173284770481	5.912331533181162	
3.3448851780927744	6.073454343920292	3.3090834758627894	4.263812267736963	5.457113950492597	3.8183013866057482	2.7570772036351157	4.849024597640268	2.0344037753188866	4.053833352292519	
5.185542010153406	1.9751824646420089	2.0960840616649206	4.555169834466229	3.7971080145553873	5.932673912946489	3.550115758683919	7.225571514606191	6.2729809819961995	6.131143092091042	
4.218564970130487	3.1441316859631367	5.093502565169466	7.21065699423507	7.220846460314126	7.072893189434214	4.820557410137647	3.0616606854187114	6.46132418044789	6.091709093565939	

