9.656574389322877 8.576465901832156 3.260246298838496 8.280883973598478 5.10270829759115 8.723108746932134 8.04808817974432 8.76450976480278 3.504375000538756 1.6602957211980585
7.219675122954351 1.2034439513421369 0.5702213405237111 4.327271745922382 2.565318820308309 0.28191311755907056 4.7463538770610505 3.426575474687099 0.5802477848386123 9.656482900709966
4.727074779434393 8.41124243362253 5.237988458397328 9.896650734475328 3.0103970342730992 3.8075758621897116 0.0459864019830325 3.584643847579867 8.733507266460407 2.5974186737436877
3.6781983266191496 3.0532415325517137 0.8456093163186551 8.721759160671764 3.9579166534852517 1.4845858935149303 8.310348670044164 3.4178871357891794 8.255091455470211 8.649578242852284
7.47728362558092 7.0652125049698515 4.465937414093525 8.43661033703453 8.021634884621843 5.490244093077904 5.6586282586803796 6.500008551602077 7.923807069895633 7.269122863702514
3.197393254183536 2.8527164684445374 4.844947780450672 6.466488131242436 7.698348759829163 6.034382002190969 5.95207031157824 3.4623528464766617 4.523915093232194 2.6051518089074808
0.7560331107305429 5.044046380699214 0.6886801354079986 8.14711962428198 1.8479377969246158 3.778183221343916 3.0280894142229875 3.699516684303238 6.554265174670936 5.8279975629687675
3.2723585685573244 4.610368806904237 8.478346267852446 5.8442816512151765 4.271518569832967 7.156488426101722 1.6555182807219437 7.333552793791042 3.0335193947872687 1.9653110360585224
1.6215907989646428 6.994962410601042 0.4658353445507668 2.26622456825752 7.079008220684928 1.917859146547345 4.752026694579059 9.305678829733766 3.0423609188245315 9.244797559961865
5.148235123139574 6.879510555865358 1.354665065520313 8.930185354312028 5.650597729786291 1.8675479262404437 7.288092093694471 1.5626442645292582 3.463085774856448 7.899712601185041
1.5776020581899641 4.869555622620895 5.4862891319022005 4.83946664669468 5.683191630754759 4.485149554446714 7.151179870440574 7.639598744083173 4.336240796764556 6.838890260727233
1.8379067211172329 4.30698468776296 3.497703757513836 4.608794158353097 5.84819060788055 4.207090913168644 3.74065591851147 8.084719028926608 3.440898190135014 4.7456433400070095
8.766975393118239 8.999539463971486 8.793895542432686 6.584008884000841 6.277702383920051 6.911527921378113 6.921295821583243 4.976490803549078 3.7388856546397897 2.059139908379397
3.5537271872203835 7.561871687362384 4.719488645885576 2.759801929241943 4.780269441563093 6.9981828827636585 2.425201284600722 9.887182839866105 0.854217783636263 0.19881594836502203
5.811754854201036 5.736827260275771 4.980850892214965 4.609735786453896 0.23362067028518174 9.677917036465969 7.133895743255164 5.9616954427818065 8.968721988281285 8.389313846076305
4.988394621686751 1.2379882604807046 4.15706797054558 4.190936020892851 8.911200538939058 5.217423363030918 5.700973228937078 1.0069022836607266 5.616336493946284 8.883839108750566
4.496801883297366 3.834774600249695 5.570976005533595 3.23762105866364 2.0029304073854473 4.245617160161492 2.5288125110977235 2.6013226194422656 1.5959003458932786 1.4024835036396421
9.671104879029572 7.380633924217968 8.426486469784937 5.360329193695659 5.751700221195797 7.423581023338585 3.559682348809389 6.998244941895324 6.37084833438522 3.6149782737961864
5.067358956150531 6.835288064676394 0.043645770816365115 7.1498014930322 3.4396319546300838 3.1940885236288583 6.082450892190931 3.0482823339194676 1.1907244633612857 8.701789190191734
1.478639151859782 6.9071759903079455 6.857386671339787 2.955775194696586 6.9475754229478195 1.6257813942217247 1.7226993146329495 8.332037880340138 8.091698739200393 3.90194826672103
3.545348193857003 5.376905878566236 6.240130183763709 8.662432110180955 5.334226181651144 3.9982707763866387 4.939230127350234 3.273610571504312 8.780486379997766 6.760321963139946
2.297047922372096 2.37270711503734 1.3439312111851431 0.9861989782046476 6.425618649116732 8.466311913132609 3.187890973031217 7.085857664282066 1.0785836771434887 3.062132625416413
5.1665123709533 1.5518365606632856 1.2476211059631204 8.031541397252653 1.8906373921602126 4.403507313785849 3.9596909354656527 7.144632954521325 4.533224535135638 2.5107718083737254
7.808117508661669 3.2761470716963235 6.482529075210931 2.1910708057776307 5.854039426400886 7.64974111563968 1.2110191185782204 6.74895179749441 0.45078530321041366 3.669756110965773
5.80027844803345 7.2153385356590425 5.272235774618764 9.383741292474118 5.446905642729963 7.4440341522357265 9.367259041271849 9.425655951344206 3.9716877382985363 7.935878693056844
0.415813942296982 9.408804817733673 2.8640940109319866 6.2863754871768975 9.528338491644913 3.1691988562596607 6.71639461391908 5.990490105526063 7.908550651018467 6.0041814876874176
6.036483609501473 9.48871431184341 6.490806289383576 5.1077951109909945 9.375742895205919 5.801382376888941 3.266676361141853 1.7735077796115917 5.468056298596572 7.87361381083842
9.431418640614007 8.616555016663444 2.648341756364566 9.841146889484401 4.709536777156083 9.062298493697504 7.203742315030771 9.827725181702862 4.259632191320391 5.6536416788733055
4.507876422157412 9.597577955518945 4.412274338909155 8.34967854347401 6.798317119598747 8.411936124233833 2.160627225390108 3.9194009448709934 9.279732657750815 4.7764122316478455
3.8020856357972264 2.7784226829105787 1.8698921761118192 6.4164627047444265 1.4201926098683038 0.1733244496717512 7.35299544986845 5.781042925262739 1.9996229372054253 4.487361458876653
7.9645646237449945 5.649954180883539 2.883033472276474 6.622915626796141 1.5043884241012628 7.008276087050607 9.007098682012993 0.9102200595362375 4.958785477132447 9.251664614656285
1.8960627811141217 9.79851561258507 8.310712533850259 0.9991876789686238 7.744656277576714 1.7049488688940628 3.726010347237941 8.315762572897098 2.088242359252269 3.828154354937322
5.626349448165381 5.984147445601171 1.5365707448710586 9.477609343334203 5.294195223163479 6.616833413388395 8.838534128808877 2.526487506198821 9.602389589567014 1.8610685015608885
6.148840399530599 9.964878714233295 7.2206982531846355 9.72564284817366 2.7835230193956075 7.211884634569046 7.223950323619186 2.145948439382673 7.979733776025384 9.839236461936954
4.411153715960351 7.3042209761236165 6.216276287133703 9.665728067155108 2.842243431777114 1.9347622861827918 2.504850526023248 2.8008913713157746 4.1088756184327755 9.86932944133407
7.728000452811003 2.147986036393743 9.677957592795629 4.415770505828811 9.578265341047103 7.120516212008842 7.28135748389395 3.813376199326286 2.9440590419559456 8.883123242767859
9.772514929715282 0.9713052806189537 4.691309234638661 0.2968504181930587 1.1304283744381305 0.9718379399253008 1.7059112176134816 5.930410791904337 8.36376861431136 2.4080947674436857
7.79055850073532 8.99323281909722 9.95263059368946 1.526254425269593 4.55053873542969 8.852698097439117 1.1626991704123502 1.355193256293944 3.7565878441400455 4.9171274028023415
4.0763768043438 1.5318568034842928 3.838918704126816 0.09770863323039891 5.507675201374331 8.368572530246231 1.145054050983273 9.806705431145884 9.102454167082806 8.85889065469847
7.3851068242606965 0.5059229458699199 8.872839684890726 6.781444366445767 8.291670345841112 5.188545919695901 0.17443450199775667 3.8367005238044394 4.937493878254527 1.8591120776718062
0.707186293825206 3.8393702967817855 8.382635493728941 5.0705150438979265 8.505555322366392 3.389633045855154 0.36379872899060306 9.883580266234791 6.080883533485892 8.159225066003275
7.5920792092449885 2.2338910302147896 9.888630965437708 9.953825940038255 4.891356353123069 9.62218610572761 2.1154165929525 6.05107608995116 2.8880868134958435 1.2887930817054338
7.415561277771154 8.963941542744779 9.254269009270685 7.5891955970695015 0.6741006030552232 1.7420379755804227 8.608865073607577 4.156979183229364 3.1329947701052085 1.1989108890723743
5.098979141758449 7.622039475905289 3.2895361671924905 9.041169397337168 3.410612537983433 6.146074688484074 5.8607136247959595 8.775747385810082 8.499826234108433 9.844029512145681
6.804563763312838 4.484471615081543 1.6886569726640088 3.279292883277607 4.899300078503879 6.080495265680659 0.9361550791395323 4.652099091920699 0.7032822953125528 4.499051979313809
6.073420306224474 4.044713227039677 1.853647018315272 9.425374622602297 5.5825306018249945 6.143633281035487 9.608693235051753 1.6255146146208832 0.10277674330276154 1.2281751142122443
5.298876560807501 1.721184268938033 9.26362737231961 1.8964452616203686 6.923534068618604 7.337642595676161 2.672364975733955 1.993855763249417 5.515228483668997 0.9540265241746715
2.9253549802757406 8.515966650744385 8.090861817492094 1.4984304539486448 8.365415308507401 6.876587914199188 9.018479969703195 3.7554153995169326 5.973779733762088 4.863711498410596
4.4509501247156615 0.9915337881457964 0.26365762141077 0.8499848250097886 5.112461289542196 7.854831766298005 2.3334083987584675 7.381077524894662 1.1710634334469117 2.567195338086772
4.340870760060175 2.1344338354686254 9.190227169265771 9.703786153128357 8.576392728907024 4.422545810455336 5.224667799187984 7.441711091280803 7.040634583314808 6.909018761853389
0.010449735850214248 6.060454473317519 6.974221470068596 9.012344658046715 1.8966446197766407 7.689499134668663 0.1398504016758073 0.5914384261736005 0.6755921160903822 0.8239456138571544
8.823459110905311 1.9386347442415652 0.7910658558671735 6.966834448272941 9.499590065092324 8.849977485262837 5.538427166309166 0.9072670070639899 5.897094413253637 9.599283737687186
4.818097398510205 0.6063085534189472 6.804834740908758 4.011597236128958 7.763464655328608 7.438047935734802 0.3730635814443861 3.5132893629482487 8.136588784031465 2.62108294921906
5.8946713144741105 5.030208001746383 4.769846088104728 1.0760845322436496 6.091507304537861 0.9119139481574812 1.5289155402895893 9.65799145018622 7.784502312246833 1.6791823545416695
1.282273398226701 2.7367685321135293 6.492325711066702 8.323594426217632 6.184633929134929 4.438561029221616 0.9818364603522634 6.132175773645484 2.216531367234685 3.509462177870729
7.084594270050752 2.566688369283968 9.369512506504302 3.7270063533481057 6.197220025256932 7.596314812726018 0.12616813631181167 0.05988260031275616 2.7994026662197644 6.064120100776588
7.956501680583964 8.364268137975042 7.051873739836881 8.161815574680865 4.436895083914939 4.30555576331812 3.0776782675979284 5.8939876881691795 8.295203528807347 5.407151624653144
0.8835937478707223 0.5320968168333906 2.195267827196478 8.653406354066895 0.044557628996351184 8.490195531355775 3.3964071519392047 4.911630614239288 6.252484872007468 0.7984465341028091
2.558214612670885 0.5885427362248852 7.6218693632010135 4.40717342434795 0.908247728193361 6.399379693423388 6.248082030536643 1.9233085044624465 9.749968713077537 2.903300442233847
1.930288172617869 0.06274509147045859 7.860555514211178 2.546595392671472 9.199429374609414 6.096248612730866 1.7129732565619238 8.35560831414962 5.8327256828425424 5.873207895371641
0.6539551165163215 0.13417122321706776 0.8896724496976227 6.626664978318695 4.179316222713984 0.045736373328072455 2.9705185414685853 2.694688133626879 1.2702786725697368 0.7982866606027816
4.876732580410379 2.5373028205629833 2.389262466963612 1.3004924341271096 9.143976368863694 0.9848322056411674 3.18085453163909 6.6204742028403345 0.021620496088700092 1.522638459800908
5.183439539296638 1.3539248282911576 1.388853973035552 9.598899035204498 2.929235000100814 8.096226135312813 6.82595549057139 9.436193164297272 8.695247511552616 5.6135990747502085
7.600307211567065 3.634310826656517 5.864924517871568 4.521204012900363 6.680250635325504 6.970840868648567 9.37004726958773 1.8015065320521029 2.055897881318111 3.2377326809147378
7.004671756081461 9.334113311016912 0.6245271355849724 6.6961709953186785 8.53769562191898 5.7586698134220935 4.689208583495494 7.7887353926079514 0.497887226203263 5.455305883510134
6.722820509359085 6.1169695853651715 3.2649872690684423 3.2025069504760637 4.465630784119886 2.3741099429123738 3.6727499652557496 8.160171263501935 7.653139965320883 4.91688153463313
0.7145656522302324 6.226017371947946 9.711886793973983 5.966893001221135 4.139564067731562 5.526381754801642 2.6144464161519485 7.051315874876779 5.736867717367968 5.827850863893803
0.7508523898335684 3.2241666603324735 0.9279306405244536 8.994052126451772 0.1522068525691933 0.8536551824523775 3.9216614096157167 4.262323844331846 2.693236554234766 4.317696114129747
3.134294088861198 9.077876697370165 1.0040928242900948 2.818835747908328 4.835741902665688 3.498442703170541 8.737686322177861 9.711465447700615 2.0564264468678406 3.7703067843167783
2.56738127470261 3.228356981412804 2.673346644614364 8.57700040302921 6.830876415770656 9.300175919420731 5.29141514278071 9.674830331573396 9.089623463839494 4.2807834835952026
4.0458536603284125 7.154805868285868 5.039146365299488 7.822769065617684 3.773711430426765 8.408416919081995 4.18414059895224 3.8918035466539225 5.137323415319464 9.025109303218656
3.483247852468936 0.9650362506257304 5.2298071866636375 3.3121897439126027 4.771914813010834 0.8279066957429149 2.952448010636873 1.903287511429802 3.1877660918854267 9.065377514387636
0.026097678933009183 4.009388740381867 8.051430012605202 9.337739043600518 7.883471664552043 2.266849302680365 4.696775080799343 7.837772607012926 7.886498375146714 8.849684869071243
5.598032800196442 3.945205401426519 7.322640960631162 2.5388246867957176 1.8072916507679238 8.026026391896606 6.456371835437259 7.7789101125950335 1.1943704508853636 7.568374311267744
2.546752468754475 8.403602336612575 8.272088821805818 8.40335143230181 5.1893334285444155 0.6732658160704341 1.493471156757401 8.628252633238157 3.6003549520802314 2.5442725376223487
7.823434212249446 9.031348676411763 0.5334943710611872 8.677069514297232 1.1160286598720248 5.311490099664664 9.404173841017196 3.5905440550894276 0.36931124818720407 4.1924528555506235
0.8937049463521085 8.583104895256081 6.283452687159628 7.651077414746607 2.8153152617097135 1.5662945949907014 9.713689298210715 6.909898667701185 2.3463628833723202 2.794637798647827
3.5882497669856175 0.5891003234768821 2.8658176726282383 3.6258159134801637 0.6524047241700759 9.469276521687389 8.583346101415879 9.908158056205425 3.003293828987894 3.685610769721065
8.906108024240266 6.367818839160363 5.796213832787709 6.855737713945734 1.0616353225623731 3.4559126802041162 6.731552582557806 5.637680174905695 3.8799302718371798 3.516259933416767
4.972581879482137 2.520908798051006 7.8351868754374205 8.847291175476883 7.997829597111368 4.272694392590173 6.4573033800093675 0.2570511042891255 2.5577696307969267 8.39358418313454
2.04561888237611 1.0481255756344354 6.38408606786408 5.179955295867622 4.252076127304464 8.019716059804244 0.5907797741409815 3.5482524745295163 3.548273314273338 8.036968139465102
8.809903307843244 4.644650415514315 2.8506381592410825 5.993055288773292 8.020727288938627 8.445524326182799 9.650217924773992 7.577409978766147 7.75965062040333 5.048253276153027
7.878351543474827 8.163882486402585 8.93919420525052 4.158520670929056 3.4367473443372454 7.345500647855435 0.8579180283564058 3.3994159228557255 9.830263541887653 7.167894038215151
5.149132789458029 8.499286192440284 0.6629481653917968 0.9513341266833608 8.394779929593462 6.159419191177386 3.892664331856741 8.741736938323621 0.9218788496708197 3.459290555730943
8.686890949900809 4.893861749334595 7.902449229814473 6.026238413250259 9.482053446211967 3.0653323597092106 0.29383763582834455 0.878076374073139 3.4210094456992057 3.9879952001595678
7.384886010586259 8.841292124587119 6.728072778179502 1.783523158273742 9.754405740788526 5.75412216614915 2.778231656555649 5.303061693947191 1.3019224440143506 1.2829331778563435
9.626976104802491 1.9961037949181915 1.6766899127524226 9.111978163708635 7.5894240208972885 3.1516752819425884 5.9094670436724686 2.5107445383651807 8.092189175340229 1.005296710583784
6.342587600928446 4.8397383806804095 3.468711630516106 0.1680845374761908 3.0573507826396584 5.424705053472671 3.6285292005497336 8.10973863039809 2.9137888781862333 7.41091403106934
9.60323641474719 2.0150610845486083 4.046376752678402 5.70328471395379 5.856644420367839 2.2340358399731617 2.200264786121171 9.904766863710838 2.9439179350712728 5.7583903407247226
7.646137012990821 9.284532091833062 9.61423461377647 6.682955858805891 6.577802863866749 4.239168767812195 8.773775064847431 4.448026478989822 8.875157632034044 1.4542209977956133
4.86061687915371 4.8093131382172905 4.906152745407372 8.03004629185907 1.1303762538662665 2.944976928728924 7.644936986442167 3.205110176503009 4.111198964503665 2.8846158362518635
2.7993466845481385 4.991476355310548 9.058976875946914 2.5329749187092476 8.869435712832672 3.03138911789211 4.628422017176106 8.961531073456353 1.0997523043587687 8.290492764236557
7.172907261448886 4.354005754755996 8.141586133259558 4.8223620891507855 5.095735106974698 9.017237137569326 7.9074254849862236 8.770668245699154 1.4977752028342683 4.2067477936930056
9.578377985469096 5.019441602803541 9.001165552933216 4.166719221477039 2.01632329435642 2.4585316865372553 4.076044374482959 3.7469903044655553 4.936087906191479 4.700507970455073
9.457045246990122 5.235075150810281 8.108938244642847 4.266886110920195 2.308549400158392 5.629092977812986 5.597212255339067 4.7556999736429155 2.682458271439642 3.4778932734730574
6.560920410039222 7.309088497939998 1.5095151933083373 2.6275459226471676 1.5306657374554988 4.818699038294253 9.8749684387678 8.73876218744951 3.2072445908946556 9.738353918869706
1.6516361626976106 3.2776966241379704 3.8268102511637703 9.117568740488393 9.6981945094431 8.832978576999238 6.921490624370392 3.526145616898301 1.7777844731792014 9.074703074190854
9.908875454382068 4.909212849583845 6.111789406590377 6.446512312046772 5.359794399205645 2.0937161166727405 8.055904965757433 0.7697776866725403 3.0223321232941958 1.6615132148708833
8.770392002681355 2.339294261311522 1.7210349180367324 6.2108588257893 3.9536610838722464 3.8027829217034492 0.10378329461625202 1.6472121174188126 5.71810965981555 6.141886942559402
7.874819509711232 0.07593543908216649 3.5093954450285314 5.410243752913488 4.630934045628977 5.113598828656899 0.6050954048593582 8.534601299854096 1.7088297783265272 1.9912383843340142
1.175965455891872 8.447835443288268 3.55520318788391 5.692065071864022 9.152782763894274 1.098123381973668 9.047088677800916 6.547754588832037 4.214016939422365 9.466411987019805
9.91853839960501 4.211592480867248 2.0943405726201867 2.6247113061440173 2.990714800479566 7.733390624958002 6.111260418998828 1.0806391219125533 5.25599889225775 1.5802295250611964
4.316909371554401 3.179026355760717 6.032723747042796 4.878720671358423 2.004309824355416 1.1692889996143863 8.385666018720253 3.8986283711232215 2.4321831182826226 9.697659862849433
2.7984393134577457 5.854324276923366 9.579646103614547 3.9462651120891836 9.687447334138783 5.469697138879493 5.5018976020851404 9.416420692511927 3.7630790561066774 4.433770968277432
1.4302715412084788 0.4414159772109083 2.47233205821059 7.868433923877678 6.144788771653809 9.91444088228852 2.7980736180716748 1.2363177194359765 7.3446137642005525 8.430201935064902
5.543665312621532 5.736003632056763 1.751583776833382 7.064168500514963 3.897684601226442 0.16338176325390807 7.5042432251416535 4.351275867516291 3.5520018390963113 2.4621203482852136
8.034585774434394 4.676304308029118 4.937482378771701 4.742848579338253 0.06696649673420985 2.251043757253118 4.245098003621087 1.4197979977915498 9.638417012684739 2.1287476365208735
8.816248260335874 1.295280741801491 9.111859091933448 7.294261950056422 4.214612403545225 0.9165329908340236 5.038480722826448 8.768615145932309 4.832859647562717 8.336087387021019
1.4227984311247077 3.8797405382777237 7.241069636291034 3.5259769157676937 5.453705512860961 6.376391690219617 5.6497247529759775 4.1277196122527435 3.087059552419431 0.9002092077355062
1.83865464065182 2.9641681117561824 1.3569767584042935E-4 3.481277624436033 7.694327531699497 6.7959517887815615 9.3855387315628 9.185411762261507 7.101398651412218 4.174379813757408
1.8119261196556113 7.816795284220185 5.350443959898986 3.924312088799965 3.951164403745974 8.66748976592772 8.452318143300845 4.784648560129945 2.356309587875436 5.705717555038799
1.790596344494202 1.0407252644356046 5.672058393147541 5.3077206976210665 7.397072498875006 8.602047335517641 3.6690949684396656 9.66337880357657 1.801302849200006 0.9104309036131908
4.316011983397736 0.32366859930505476 1.883698423586263 4.307763190551458 0.7372601052562877 8.008432206209221 4.452688399904421 8.049236252363892 8.352837227086816 6.755814028245654
6.369987662190422 5.017042842450667 8.755202297675055 2.770117546748657 5.964020040400815 5.371171075098542 0.9511572079473296 0.9127233061975015 3.200067455361074 6.868069797858456
2.481209098670012 4.681098228484043 5.616723588256596 2.3846016308010443 2.6261958773490255 8.733820672078025 9.391749769129621 7.303834490337354 7.420709552291016 6.544933137329604
0.06645278296839918 6.850872354245374 1.5151342334742268 9.6088253427823 5.436206426330909 6.21105896220274 5.062871390779758 8.767244857817811 3.9057662115642033 4.319531202605487
4.756589068969851 2.692915971079204 5.211538482357416 5.58024168093918 6.897106470743267 3.339646525987491 6.8289765727856535 2.4542070330441113 6.950782322042592 3.2566851757938995
8.611799284081078 5.850881412174649 4.436043635786908 5.065489342446153 0.25073762329482885 9.56319638726005 4.176961056589569 9.109946856734622 0.9930327742173506 9.60594402582385
4.971535233807555 1.3164947432896057 8.729926288987137 9.248827527039316 4.544630965430327 9.638458000993358 6.037892514960918 5.7796373413575814 5.290258338994104 4.1093327306175285
4.050387743546215 5.58965902228394 8.75516498685444 2.492619257700296 1.1404005344759938 0.04255095976939072 8.075472659905076 0.7912086466945334 2.310101309851503 5.769578723906999
6.650351493172504 5.46721352917003 6.912413034692584 9.528228795899699 8.221498493350447 2.123521458117276 6.870332229659591 9.56786526594509 8.224443119944144 3.61124931421101
4.9133491582652224 2.565235207496345 8.787477375999714 9.05265531249656 2.516332000047372 7.6242717452949105 0.07626838489084076 4.106967380983972 0.2047523118371286 6.578774164527267
8.816976036728523 1.9569685516020452 8.6811488202652 2.8931999074070767 0.7779703689168449 3.9570760895704984 7.831239870937291 9.825929582187445 7.7499993563638885 8.65904008083337
2.084109580889437 2.201019792478036 1.1369334906588924 8.019275953294224 4.829410093101152 5.128584696493902 3.6539716712416572 9.99223884358721 1.6355393347650982 7.320604735095145
7.827460635331255 7.427137343345546 1.866263331141108 6.26808450809156 5.000250711625917 4.210674288727343 0.9592769249131716 7.477137789462873 1.3687647240248524 0.9363925963045527
1.1087030203962356 0.20570476109920355 8.2127373112001 4.031596336442059 6.3845523363642815 7.699258057554864 1.9258351215818248 4.235706652630493 9.425679119822902 0.7929885768918854
5.715140335802113 2.5993023581669252 0.7587848196223312 9.929603662872086 8.909744086791386 4.760986964171852 8.524534041831833 2.1360135390968162 1.703462873339675 7.159614683968291
5.932868917341684 6.308818431541484 2.85395284346448 2.0522952341433944 6.123116656459722 2.2776525103674095 5.370270101633635 1.73399397617514 9.270506771369282 6.547081929161803
0.5431812095343691 6.192426719513303 4.75922492632161 0.36188971061383746 3.807302268422297 2.5823478848353467 2.03315078699722 3.7972280524858304 6.8714047585832185 9.36621377328805
7.338939107147637 2.9442548157141335 9.312994466873203 2.7435975670691395 9.992119874454554 5.943510557747044 9.405537415971535 8.07962211335296 1.025411211250964 7.612438320017711
8.331465672259894 4.443067073831263 9.119450736780653 1.7200824383534452 4.131369051905965 6.077698208989656 3.569669166957623 4.581149506055057 1.7495413308533636 0.655755876474654
1.7090463065217931 3.573249247390099 3.3583129188842555 0.5004323229206342 8.685000551781224 9.42528033927124 8.778370253052142 9.61455692892393 0.7796858551313357 1.681559030822214
9.259530633207747 6.315598356716946 9.566478728215822 2.6154374507608678 9.14619719607431 8.552485082705658 3.1114573128932657 6.047791574543499 9.023996477040168 6.567634813901838
2.157191715075691 4.019905004281523 0.8288573271592248 5.467975195905641 3.7671740135694556 6.076910748748736 0.09706074858182978 8.481627507045706 2.2627392309585637 3.0370999399710072
3.0445520899570933 0.20231572187571323 7.450340648421367 9.554038852979161 6.4860781836689485 7.961457205598082 3.115557423197174 7.522584104678981 6.739469312292905 8.618276001173154
4.551229824242682 5.436520992150575 9.607661250873013 7.521175607466856 2.4906358993118016 7.174693643751265 7.290810579755757 6.168995948281636 2.2326297632226377 7.374135779209543
9.653123374834424 5.1886711174569236 0.974189480055121 9.542849195601883 6.653789830887159 9.646193748893657 3.4068283390726783 7.371520916268246 5.948670921329851 4.420685654910065
5.486844299173014 9.32260972260271 4.67916165356519 8.396758992704621 8.955395402846491 1.506870322392394 7.286910712441095 7.568249412582081 4.66290625690812 4.101530911922594
1.8278471871658108 8.796791402352705 1.0433252401247795 2.120970391317256 5.70623257587711 7.93159039325648 5.18726839763173 2.2198938855722963 8.009214247453057 8.272149528716628
7.8791007404658 3.390634803981063 9.694630791090582 7.943585422613269 0.6915232069740429 0.910361353490936 4.769579504273612 7.65456934968804 2.772244771577533 9.700600189238601
5.294525351851011 3.520813711683115 7.3108421357854345 5.380630450703217 0.5574923837455181 3.1624172171364595 2.839917433386069 8.727948986684215 6.085149068584068 7.121274079469985
2.5031839504562314 2.0031382747960302 1.2923624900462571 1.7951389518286143 5.214126249077976 3.6531165150348044 5.519057928366308 4.547832646019564 6.232393695386974 1.275887502098535
0.9629956574137899 6.430468264421423 1.101105807622913 1.4115483764846304 7.589331257425625 3.036456965615982 6.116757219897942 8.718452196633667 9.482599458890297 9.41345607877305
0.5444357774993636 6.400070043359883 4.304023648890713 0.6683046769828238 0.644570894701556 4.367226049324548 7.526819780649343 5.926383116127411 3.2434555197633 1.552031255711963
0.9444285696231902 9.644727930083182 7.058292438801886 4.033976663296635 0.5813745783484303 0.9286197751081438 3.278538781258823 1.195285362543892 2.5837197066949793 8.464253396250275
3.008830619299765 7.991769240346169 6.925841283447043 5.955493952443902 8.094791687999583 2.607071227197786 7.842529296792321 0.5406039641207738 3.5815416076128583 5.252318888573201
6.780168073751478 4.565230913866792 4.595736252921334 5.679853433755277 8.358028381521956 9.300821257550101 7.795489829094999 4.0988376629645975 2.340463613481427 7.7230263816464255
7.6985406063776445 2.612190575647171 4.94307024355761 2.302555152487642 1.1775401209886827 2.038435782442706 0.9306343595325006 2.9113158306143596 9.202361814363634 2.038687139806826
3.9119596569223036 9.40958024855503 3.512839110200805 0.8381433586824938 5.996426646932873 3.2553028727749034 7.321359140078476 4.513097202941605 9.549411068989805 2.5646006294280377
3.3732531473762006 4.80860991954449 3.1684415325811557 5.4528094988396445 9.733943837328962 8.758638657006534 1.1992573789252603 7.198409796805153 3.5253197401835887 2.999549478036625
1.1206781946533517 7.79750904512495 5.499826982169341 0.5995829767048855 5.949472355642492 7.814463759302189 3.8192821319684542 8.47098969625104 9.451175282376324 2.0846053247019958
3.696427333460437 8.988180363686894 0.3900688815386699 2.7879327454456293 0.6607615099958863 0.30439028748572294 8.311307727189167 5.688021994988271 9.126201399295473 6.040985801811959
7.420435245519974 5.918292129807265 4.6666359678972515 6.517691217653798 7.010303418100906 2.5981620988972374 7.946460158667225 0.49864637968620396 6.582673683235695 4.774517072877382
0.6066845063398407 8.548354731603263 1.321542989212967 4.70930147920602 8.573232901690398 6.5232129561491305 8.897502121435712 8.371939899097114 6.232561694760477 0.4684627340254677
1.717203620441996 7.145678759972665 5.71074122214351 2.24703868558961 9.67927937556108 9.219838215420095 9.095662544780915 8.595932134964798 7.257810024905622 3.9153438810293095
7.858046084335813 4.987327702282389 5.3067233256503155 7.278810336132418 2.95544165352412 9.665911850276261 2.363254939617078 2.6808282519117856 1.1444307745460747 2.5403943199569645
2.425875688654436 5.867005047725595 7.879750265268575 8.226421012305366 6.1918534105383625 9.935697840699794 4.845080647382025 2.4696983554699816 0.5618835827955637 2.054264589231487
0.6387498707358397 6.42229483785182 6.8539892398301365 0.37605442479653584 6.428623892917585 3.801715815205932 1.6161544077885692 6.5832475092848455 4.4939705373027214 1.8314985282553364
5.186921239109306 6.756043264383855 6.488095650567 8.043709733513445 2.225451181822551 0.8565893067469932 9.984071173822938 1.517869315671505 5.317307135011847 9.016433245145695
6.406886044768495 8.937463456539978 7.459488807929334 1.0291672926388684 0.8088671666348146 2.9643554495321367 1.738011504273117 3.975331699803617 4.111237374163034 2.863036913941275
6.833591034560981 1.7445292938504564 1.4131860922127915 5.050807692403872 5.125756106163859 9.370093771075284 5.760850954834961 4.306611077554811 6.112978343264085 4.5545506247181216
5.3721174645798975 4.7403910016523465 1.6261807031276698 8.53949128231448 3.729167433689801 3.3064815220426516 0.8852388541748368 8.561380958593588 6.179213721166118 7.638675467898621
2.8328699807433164 4.535203586146781 3.724881743088279 4.291263231854878 0.3775544938793818 3.320743811862571 4.539209671828495 3.0894714299603097 6.186916073468014 4.951691557563357
6.406256140282758 8.22437122030349 2.4952384651711714 6.545650347042587 8.766820371432702 6.9714696999092896 8.02357282882564 1.263516978269571 1.3397939183855134 2.4688356033250978
3.5581487381634425 1.6495917720398923 7.393180542892631 7.859750402328106 3.9925694538509013 8.959172725581817 3.654835369769863 5.286520238576426 8.711541276386532 2.668270924607988
5.581488714817356 4.716221882937591 4.07864332723788 7.260482808919613 6.24564015325551 4.385797686482311 1.4879231724739794 6.5989373935934195 9.453417338016884 6.773053116172017
1.9488540330685522 9.716636549599274 2.872516230368812 1.431754297745993 3.496469332561354 5.696386542493923 4.927851672487042 8.773162035449761 0.853243540470322 9.461919001714262
0.013560192581564268 6.932977811412295 7.716565342693333 4.764685967350775 0.17352146583967554 7.231821353070682 0.8054028714445927 5.426200345186571 7.818569070313222 2.4189965741277852
1.37203888976426 0.9836941503429308 3.2770856070953602 5.883445709098456 4.269508318570297 8.28724612525686 3.016689712198853 9.322430587798115 6.862642742816762 6.309429104157758
9.228234596368646 0.9776219396765362 0.08039075857407485 7.453912485108006 9.129363813750972 6.479916269223436 1.729348761497207 4.9873525880698395 2.823370045787531 9.588443994455979
7.82319866477939 2.8692852111516984 1.8401346094117488 0.6658681836501501 1.1300219724628646 1.2176337257728997 6.589427914822385 6.601217944368267 7.399218885966944 7.922831282526976
9.87287576581534 7.0731406043953635 8.802029039638944 4.511450229821551 5.3294053659182214 8.540595107648555 1.0044170612573577 2.260617497509351 4.230006329588459 9.15465134091845
4.988350094614557 2.777392776361461 1.3911528027049647 4.904201343045603 7.247260471949801 5.782666582012952 1.1422520439915218 9.740028675839307 2.303753542988025 5.677036769974918
7.2609970116498825 0.16581912251356634 9.632384976410117 7.61650676849467 6.581519644443302 7.841346013946104 3.0175967779802737 3.2887374310714135 4.583754659746825 2.112189761769634
4.136670244552399 6.355982344716282 2.6884407964469315 8.062007095348866 3.729815173841545 7.61871877864373 1.2106999084381065 4.677495177727486 3.104283522397322 0.35438406639998976
8.966153999593727 2.0228403408513893 5.916661917841186 6.998512813348199 0.3770494941829672 5.939583347440948 5.187256664791767 9.360963729483679 3.591882983807839 3.719470322598475
3.3227621709527924 5.907815077887047 8.61052598113042 4.442000339340652 3.5581565922672564 1.2898957448190396 2.6978758236888423 3.2250247045535296 9.676042551402533 5.261816252412766
1.4725627598278335 9.50588735445104 7.1214147296856165 0.4107454661647403 7.9732672459230125 5.6522409950790395 2.702098760640742 0.7020761854498536 8.733713956114658 3.6958127264220977
1.9498749120971115 5.74951225521834 5.438425151870741 4.78903495794786 2.9145649536077323 8.929997708373865 3.084830067417821 8.10359381629025 2.6731237508375525 0.9893024896850011
0.743346587015643 3.321594055482322 8.158046406255265 4.621967155483764 8.985562714115616 3.614175547053157 6.04416555299283 9.659701615713809 8.841662912784127 4.059056950585256
7.380177517572719 2.9652225884920167 0.7517616328665999 3.817628039059281 1.411005414728338 1.9039039524725632 8.39181769878743 9.073843558947011 9.609369306782538 5.353510314474901
1.4833249898903311 7.731323609291772 5.319700867978218 1.6126636132448635 3.7369817848606655 6.171695113570648 6.614806878332137 8.281596880089356 6.934067705718398 2.996357309181139
9.97544637154413 5.214129497651254 9.815263144992233 4.605491042579369 0.22526108985263082 7.97769288426795 0.9251662616993617 2.7122737227178337 7.78825244170879 5.908627048825995
7.851779653302592 4.4469011538728935 7.783276162310248 5.8128564627504815 1.4037483305605325 1.5741608467379409 6.729781701757225 9.637447569482884 2.1841545448341613 6.529937468905223
1.7112950088292334 2.0264361394251162 8.748183838665092 9.47617608483309 3.727905359144539 1.5747099513700158 1.072995146224931 2.380468296969862 1.6662864801036725 7.806615905948551
0.421644088633909 3.2455639101590816 5.825541421127637 4.431356282599225 6.848921747079084 6.045756880608154 0.2594354833131718 8.265126769472248 8.575489647789915 9.671229856065313
1.3303371890242244 2.360342089530713 3.247705473473742 2.238085787916492 5.817459650919215 1.3451829360785161 9.70404953327504 5.490932997522698 5.681759949619765 6.75208781859923
0.2850800227583128 7.706532735129349 8.16211344175129 0.20171141460758268 7.952355305024007 2.501158676545759 9.262156839263758 2.709249409035909 9.522787387684271 5.250956407550645
5.88444491538156 9.09293223990399 6.178390436776651 8.453734454150407 6.878347128623787 7.489874040331451 5.077423099574121 2.2922572916581707 6.090363454493948 5.322353704320895
1.3714201409349203 6.903251414572163 1.1403090212257683 4.708001513097977 8.223640149991887 8.412976631307735 0.09408658197283204 2.2702458314809073 3.5279614959056382 1.6693549218733994
4.463523543196621 0.5807748884836417 5.943277195129669 8.782292336879875 1.0360227318069426 1.053652979359141 9.58695957327581 4.0779640489379245 6.921538436901647 1.0111218133728206
6.271971319959716 2.879479803173155 1.9016558108536363 0.8540108183438788 6.525727997851218 3.6454854926150393 9.675315306445068 0.7950699330085265 5.794818656686573 0.42989400619532825
4.9179939984946035 0.4514259636373419 0.2182198614225539 5.370083355679748 6.205918233860278 8.742759233880195 7.142645146205503 8.967540909162183 5.80414348032757 6.0046847742506255
9.157190030992986 9.294066362540313 6.07711449003302 5.002211961798669 6.840451556665611 9.938297751604983 8.852570680512144 2.616051460600479 4.641811419570173 0.5014554539817817
8.45443967322537 9.37492422460022 6.359592142117435 2.7578443659376948 1.3176162966175642 9.719919703281985 1.5323082719133962 0.21479593557984344 5.107300059912134 1.9123425321046417
1.7252518749073065 8.738369491227417 8.087822540922131 2.8343771054609412 6.1731673197052395 1.1552739213240304 5.1206657673962255 9.582284837915116 9.530783795466608 9.298114154013422
0.1186354764017894 6.714750332244539 0.5864924662417481 2.830201470602023 6.042922819048848 5.294371347341615 9.710469848536304 5.3678146703079435 2.6020470551072616 7.448187502759261
4.5370622904885325 4.91193276778726 8.696445832773916 8.073527114727138 7.922266674969087 7.408106370048559 1.3497374805685136 3.5283451667539723 9.570653869928393 9.37227209179716
5.3774508553748515 5.670616851581194 2.892098461550785 7.951953801885033 8.366280788292432 8.449237996079091 1.627196607890481 4.536440171695072 3.671694161242497 3.3992779176075105
6.571261968767868 1.086164868785967 0.08897717171890585 9.857319044400395 1.3303174041182009 6.720654981837482 0.6125786987106796 5.488010053385237 7.458502039166638 5.786058154120961
4.270873532090884 2.800847140876458 3.554839736678775 7.617396627377648 4.408229308632388 7.736589093389331 9.938324866899245 2.5173382810004643 3.9835345130049085 7.115608600606014
0.37379926057037327 8.09241334220268 3.4641004101798356 2.765860908429414 4.987107852642812 5.0192490860696415 9.716127211731212 1.4860536173703476 3.986539012670386 1.557533705261036
4.927678396008489 1.6499852748843724 0.09856907765584899 1.6830607171371514 3.0473824986221674 9.22091027464607 8.7294452637588 2.583347387269713 7.481841612224457 8.22018584530619
8.780161405140117 3.4399590202248262 7.866993976029766 3.2823370619539993 3.7708888208938074 8.91581603198521 5.61344053782434 4.829073310067068 2.4719507408992825 7.572394443006262
7.623018178603189 0.6076809303388764 0.5919317032865101 7.560877701614611 5.0836578352973 0.8646006813381679 0.2395424928870149 9.362956063505468 9.571839058043913 8.262897527214655
1.8543636224228144 8.101106565056707 1.826716325982276 7.802715330382405 4.092618220327468 5.994834005993885 9.507256405381678 6.466700718875917 0.7576296051897025 8.908490737008844
9.00349210317849 7.087771999361855 0.2806450963904883 9.617929370951792 2.945265351668107 6.024501244659817 2.486212520201727 4.417392405321 9.43659748384093 9.629762999486157
9.417321590714817 8.9946760586195 1.2410851845409787 0.21119855632103945 1.8490308775094133 4.12174771570898 3.1534974938640747 8.207435553649502 0.7853193880583964 1.6396390519281934
3.615001268794684 3.641887251226137 3.7124172265073585 6.460575990132024 2.2642194468848875 6.566354656050972 8.672886812014218 0.8669472053423088 8.563584790414984 3.169540588307761
5.32823700068308 3.2558544813480363 7.900221174253547 1.500973434824595 1.0938753346927244 4.659627117060072 0.6328491203245812 8.34873569913484 2.1587120164372955 2.8668256322485455
6.440977391597126 6.709776319213811 3.7427504925015187 5.774898142760838 1.0299083368615325 1.5044796302779462 1.2995104862734375 2.724795799201374 4.754850281165298 9.712555283683198
4.536150800580127 4.999491775584599 3.0496984168705064 9.945200903831697 9.102666039953585 4.412491290416073 6.680803253842672 5.618882756868613 6.59255814668894 1.9690585052703447
5.793325069807001 5.358969234046333 2.100888433482452 6.95203060405429 5.4775222563832795 4.036842436334059 0.0016394573140043889 0.46572336948186743 2.1546001403448667 7.932004436145794
2.8348280669875905 6.4655802817220485 9.466506940513097 7.911083012646762 5.23482527745514 7.60785412981158 9.551327350137548 5.228538431883189 4.684858555979375 2.872750207328052
0.5956946438458144 5.579253734058785 3.5486843863067854 8.846103359996741 4.377904147100811 8.371092356486404 2.3089350812163723 6.788798225636593 8.15017808364739 9.835887932893737
2.232660462828112 3.1797877082863812 3.655797527140926 0.5602303618647808 6.78809879662996 2.2876998359933998 2.3365809799933435 0.2927942644907877 5.052730593964054 5.507666441057223
9.858458883062532 5.4728547284328375 7.081180922714447 3.694150376861364 4.967652732871733 7.825019619136158 0.7425502239034498 5.527181561041389 7.3872401414227005 5.578102315800011
1.8902774753888274 7.068560448533493 6.9736462952699405 2.3914462145491253 4.893643964606956 5.096223469909338 1.6748731873274025 2.9099067411649915 8.53854997136996 9.549105805678167
4.967039845257597 8.019083625603068 3.09620857962444 8.47148200987925 4.393074912442682 7.335288476331984 7.961918515209127 2.214896415891714 1.5871664736095648 1.2401223566678898
5.68208867902161 2.3374484187181945 0.7408414508386552 9.857433452391383 7.416211028187859 4.634325543384384 6.851312415475509 1.77080472136536 6.921486296534974 5.040127958300518
7.289992671339977 0.9926261627783051 5.001326009022442 1.7626625853992506 0.23884960726189064 6.721183285908228 4.02497047471034 6.939527633501693 1.3645307145182783 6.760096140117887
2.60397638636909 6.352951042030744 5.734960191506486 2.1248233113668604 3.8023448253942838 6.294980773249814 5.430373866517622 7.32384327603019 6.360574311770834 2.5442751235249714
4.560520762568034 8.077514608156891 7.329940457932501 7.597370729844623 2.472029930377566 5.825502125902329 6.241820057195508 8.7914565992459 2.8147046464633565 6.2740554220735465
5.477891571892226 1.7623165859533352 0.8327697164925751 7.447309103178695 8.860558516590412 0.8002453178837599 3.756867847006186 1.2321686242654784 0.6489620752380942 0.09838424298023285
9.494863397262067 1.244235610903358 0.10446193074886367 7.632064481549144 6.9542774731206904 8.992615730200246 2.58047851312188 6.46438212943481 7.276445190447251 9.784346768234581
6.695108667907697 6.6423752209161915 9.022250887187134 9.584568200450384 8.560940573941927 4.5298091498263755 1.9215638263767765 4.136452579461615 8.275011538470357 5.416721032517716
3.183260291473342 2.0453019208812515 0.9128622971643074 9.552511952041518 7.559985679127703 4.244109340598556 4.124165997815242 1.368515656780216 7.37157374922421 3.283272750447649
7.093415026044132 6.587618612191721 1.5133107735386164 7.225037758556448 1.1076759624149113 2.162636820546723 3.109987879003601 4.57364164188361 0.2644276884306329 9.541808273579084
3.9239647483852744 8.6350174406135 1.956021558255533 2.628887560030313 9.885218524995063 1.9753062549169098 0.6833125430680043 7.986980187982993 6.183629595278852 4.235322813574321
5.479530624601479 6.329388665533326 2.248512912000179 9.458503767496554 0.7664733901859511 1.147384750653725 6.637675285041681 2.302759906820635 2.8186174725306157 2.4439643364041306
9.368041019673333 6.032049329751201 9.176764756320951 0.9742794556751655 4.542154430568277 9.02136958018499 6.331350348756159 1.1375836189910038 9.259634527609023 0.6592688311965222
1.7865591266679814 8.722170649449115 5.749923364525288 1.994857003378978 0.21991073163159403 3.0739190455127297 2.4224309913147546 1.2516922885545723 9.867988127200514 1.9407063186433426
6.102452004415545 9.418812595378428 4.497505835348744 1.2390870582622282 2.1059886949592013 6.529565854150925 8.361918231631416 1.2962789277107 1.0038838717030985 4.951785050060985
6.397299460882239 5.739631413545405 0.9354333427015227 2.038251061932664 9.577225330830611 9.137404212873722 2.1539099041231315 0.8242675586791837 5.824919961987256 4.738811393056716
6.121200171846418 4.109567746451011 0.17192896328959928 4.21793621428073 4.916018843483925 4.224665231539219 3.956111731402495 7.195259071831675 7.9799319790785095 8.057146644148505
1.7677495756731587 9.492181249478177 2.2976849323583637 4.501299092521487 6.5810889010594495 5.568067843006833 8.993098356654189 9.394853104183499 8.049651176670293 2.3959756547594724
4.019058309675333 1.219514127272432 6.297157139909294 9.15237160565008 3.1298962572755085 9.367345012405469 3.7019314865860444 9.527785005645974 1.6467165289285368 5.612953091697292
0.15116380779036764 1.2094824038272234 7.66099547089069 8.581826877254532 3.032423659519734 0.14389254878682034 3.269044600669837 0.4680561855084886 1.833339890255995 5.555644954592234
2.1896912928142056 5.030061914599964 8.636368923856487 5.381737015224939 3.689801163440772 5.980851650220515 0.024096133453976876 0.773471457224546 2.1270266998123146 5.289706687994338
2.951525931551091 2.625460767287502 8.616437365245513 1.6250994080028336 6.995335388367193 2.710120858347882 6.337447729157325 0.19402827871290218 8.056078173587839 6.92773358994879
3.8197288164337095 6.5708484049390865 4.0678451481285745 8.426282016446262 1.1815523656396876 8.759068914583882 1.5609004092180012 3.901914047499253 2.741282502230711 3.6924734258886236
3.0263295310050475 7.260026952068415 5.682497153081848 6.6573187025315415 8.94774926615468 0.9986070853519446 8.525483709649418 4.705249138772207 5.093648045525004 7.169593552730476
5.042623996011328 8.026959680204167 5.204938288774452 6.580688216976219 8.952442845364455 6.469529892192735 1.5658188257219596 7.019160864070115 2.2368680152756992 1.9057433962307468
1.112061771941677 8.710848281924092 5.248505932684239 1.001592353660582 2.709352257358634 7.971682520243894 9.909511828983344 7.078566203053973 2.025327732010683 8.065726805259173
8.250891718939668 4.230206010561506 4.022475439818949 9.652835112127475 7.300845110895926 1.6278009701104468 9.515065172185572 1.8906945753702786 7.903016424710183 1.0379942090721905
1.461810796828974 9.250149654013708 9.430295617220306 5.975452456043792 8.70696487620577 8.40934788254421 4.557069438734982 6.626648443481377 9.736072335432333 4.211385555071402
8.262591204478083 0.7061946751924963 6.678620154135773 3.6017777919946257 3.060403746644921 6.7450552183603785 0.26833936460824437 1.7062095193127713 8.083516719720542 2.960355932416273
9.762926252686556 4.765675180087929 3.1023005975667974 1.8194033369415363 7.928473035602864 0.5152433251865163 9.811829979632927 7.685911575136311 0.10990358724839888 7.774336323073452
1.797674208392327 2.524329224514914 8.137236632949168 3.5105420889806505 1.4738940887790863 2.538548274008019 4.3585052216961575 7.4456296925530125 6.98427608426928 6.834165681510152
8.443682072519625 1.3915662925998162 4.567594709373007 7.71886293583973 9.769974274687328 2.935988225456522 2.2099640845548585 1.0933553258582651 1.1773665903249453 0.8407079133024598
8.542101395473402 4.535756558403055 5.674309368833993 2.5734863071483662 6.886596036306205 0.14509225665520709 6.276959619711551 2.762436543665835 8.120035420005946 8.985088440428324
0.5814038759747919 5.044068790169318 7.587113695100348 4.0572522301464495 5.896804064188467 8.770124572765512 0.6886081993983839 9.132649342797324 7.808421470770534 6.344989871628373
8.96237603569464 1.4846773387460288 4.892996359378861 6.5846172423315465 3.486291328622756 7.590521621929919 4.974967710879332 4.419528332185391 5.254305958686432 2.2068742175106015
3.790541559205635 7.508606872385386 2.8115821079125403 2.8758827707084142 5.21762321067293 5.887036885133158 5.881915132630126 3.880190800206482 3.333153874776639 1.6408750584629417
9.980425201419948 5.941319419360794 0.475399393348781 1.7823941501764884 1.0767647247768208 0.5435319159889029 2.217259273607918 8.99446802088656 1.2588548306218084 0.6657117334195239
9.697679631684736 1.7189164788763478 6.044427857481773 2.9166785253140484 2.1117651287267023 7.182861979151342 1.4974189623031398 9.594752355450664 7.326207879877997 8.388794793595343
4.628517131380379 3.030272152701823 6.565158666193208 8.838185445522138 3.693948627328132 8.720161243280273 9.90268827726745 6.815117615720289 5.9538359743262825 8.226525366162171
2.9014979339842184 4.425561345876881 9.211233755521857 7.586658837779313 1.1535568578055289 5.269545519503994 0.025219317860722956 2.0697239587222382 8.706856072202061 8.6176266976785
5.876168737378223 3.5157616696488625 8.403489516631012 7.269694983552318 0.7586258619795971 2.205580564280103 7.007782086011298 0.8932974469768551 3.6869309605626253 1.235460677598469
5.669206697056631 6.570298291908952 7.421042736101555 7.708503947612075 6.743341359958338 3.5248392490609426 0.35475381829129904 1.7048464218652593 1.2851396198751486 9.562200064467207
7.955766530637181 0.9558458614276311 7.632297252431151 2.617304716611275 1.4068566179919484 6.422742434042112 0.41251829478037294 1.993252523807062 0.1696238167425257 1.568186506549335
1.036996934408474 0.3644030608732818 2.0770937068915165 6.009410961668321 5.283446210312562 9.425173728971282 9.25869088182612 2.4547254800008442 0.9255245248892319 9.184861681126183
0.7108874036040458 4.3503915289871795 8.531520824537607 3.3404291696453017 2.6490773630146647 0.5028347022261426 1.5336811853786914 0.9033445103810467 5.911004891696141 2.091536199794901
7.4605669135378125 7.313201174772097 5.629337901989066 6.950840431740534 0.8283603667226658 6.6399870451115595 2.150741056599749 5.774302932360765 9.603040633324973 0.15850734863063876
3.7510694253444496 4.983095254279114 1.3738731768005186 5.572613835526675 1.0810728607736009 1.4003723279532276 2.419669787631608 5.473529880705897 0.4742604835658115 4.586402460877438
2.7027933289669983 3.235697693636399 8.258345822872755 3.7146446180977186 2.491893000068485 9.48522253031447 1.033955542685162 7.206854968548825 1.792879843503291 2.5201248309979984
7.51905379998499 4.9956870349782605 2.0586565030759285 1.6182497562390152 6.004792689590577 5.246152762614953 0.7516415230434947 3.037829132201566 7.7282767365128375 9.642686249440235
3.2491366810808717 4.697329337189691 0.5399811468258964 3.9364595987438444 3.3101060681026864 7.015356125197752 9.128339739428382 3.3479752014426003 2.862947005781349 4.1980352630258
7.761280559624363 5.632862720234497 4.227355096957942 2.3804199290324024 9.01425106542802 8.144190721050396 3.0493914660001167 8.460124270434608 7.276542118021445 9.062496701131286
8.207388159525928 6.205516496805727 8.962487669626572 7.1151305942635945 5.73732991005743 4.277451222156574 2.3013766805397697 8.569396288294481 7.4298793191683865 4.172655763868497
8.339687018905012 5.0593668443021595 1.167216285517575 4.7785323076114326 1.3615107818552963 0.8941383844345219 9.29638738041238 4.223271772241944 1.3178083806273333 3.8956815729633942
3.3768707984166237 9.01182059346212 3.0523947223621803 9.527336182591263 8.493581473871478 5.057379565255755 7.122326536671823 4.099386528514004 7.992551968715026 5.14975655275546
4.832622653469954 9.176049095838687 9.975048366266941 2.646034272606351 5.740020164916753 5.958588199878749 0.17688684736769322 1.7256543013804926 9.32772922907954 5.382170822144059
1.9632388109925902 0.4211609563124208 3.8129182106547708 6.939462658326202 3.0852257442841857 3.8174886291749823 4.120925940821354 6.8318547923194775 0.5731193816281666 1.3068142885543865
7.94496403138444 3.94960157388443 9.681981595216824 3.5926433309035555 3.5073356725317293 0.39504582299988766 0.159090605617771 2.2559305969044976 5.147964586260894 1.7884907219606982
3.268517411122922 7.127683614758011 3.1882941794863973 1.4341740188358831 5.986733891710498 4.456636190811616 2.653381398916037 1.574187101263781 4.574143949695692 1.9172155522948708
1.382274420164008 4.4210768401089116 8.330951272129463 4.872174728364792 1.8165312354825014 5.435252178706871 5.761789786011342 1.9858957199897231 2.3290008814365204 1.4012127560320065
9.602056653270258 7.2785137374036175 3.3397541951072487 6.257008648988387 4.199907784632043 0.0176515376318509 0.6633158599297362 8.344224576834037 8.601387140749216 3.4636947636329687
3.541117378306482 3.7711799381621933 1.3521790325252214 8.416177465395439 7.63535642129471 1.9199211748028133 8.507990226876053 7.752990463559786 3.895208626698076 0.7779761881100489
4.636576223482079 3.7107660001889284 2.65361018411523 1.7387330796818479 7.6979548848306365 0.5239273779624587 8.57259170321284 5.789688409919393 2.605351055168664 1.2215410918104397
6.127407979639832 5.5957120742064 4.997945561368123 8.875242099552997 7.204479119954394 0.8848556606663693 6.297506362893733 9.398149864772734 2.0854175852558243 7.757130051656203
3.4745028655012513 5.113828005920641 2.599187202780583 6.062063429834332 2.115316433639588 5.745982725017273 1.5467015747828028 2.8287440574608356 9.360674638849826 6.223740196911281
5.6369371248626425 3.882441293617369 4.076457789062093 8.753976023747313 0.12090102481151055 0.24479015280993832 5.221535617170722 9.981316329071992 2.0695612083828285 0.6899163097055594
5.793311571326054 2.7380684751866466 5.814107151590072 6.916764603148154 8.960165254717111 5.880479868727939 8.45168143037634 3.1982904343189333 5.031003322255043 5.014366022034596
5.5169838842821335 8.081060319419217 2.765638568178983 1.5322851699545237 6.929917122198291 1.734199551673914 6.195738979981876 7.316083439697439 1.1517053117441067 8.884516533398429
8.604598603278191 7.702769334390097 1.1166905122551007 3.925020982038907 8.605002064014942 5.8683213218745784 8.954266910826705 1.746947474309567 9.357968286496503 7.65317092970434
7.775187623021683 5.120786537022189 0.891173182586612 7.034743236806755 7.868737548086027 7.039708847629354 7.204368998411201 8.94658104520831 1.5420384781180452 4.3391711919984
4.3901348215421265 7.950215049525897 5.530009896310666 7.119369745920655 3.351802960564471 8.3850863888922 2.4142819535762827 7.022611091555522 0.866425901396467 4.053467846652623
2.8116176733604092 6.255546929952382 5.719166697835284 3.2414678927200677 8.227172151020032 8.396621926444137 2.42650272882413 7.933848172714528 0.41517488603143526 1.491968588406648
3.66915602100132 4.449517883228835 6.849394830637033 3.718372515497941 3.9716773112143997 6.406217983106764 3.4780073490886823 1.9798271221343677 1.3941233094544858 9.917038762720171
5.322251899253906 4.204582023304074 1.0422873508770558 5.228066011011259 2.675532332732579 6.822484708498536 4.056453573727864 8.625582458296474 5.669378244562912 9.927800638981262
8.40466672686275 3.372894369006433 2.7949529578563093 3.970594097492847 3.2850185131757503 8.68099857591855 9.603554498745222 3.470135068792768 7.23247428275587 1.2739397730037272
2.2568290783194778 5.206696234506525 1.1292718447149142 4.978848654091062 6.857175179663062 0.6234851499572491 1.2339472697125131 9.952298350143447 9.561085234624054 4.75835932209136
4.07255025886939 4.648750803568826 4.362938251556885 6.925349585623257 4.576638380688487 0.4435076813391825 5.134020174933288 1.5789187549334749 1.2061390321959609 0.9417202488229326
6.01131592594895 1.3192665868298459 6.9612025016125365 5.436656902748409 9.552881135522696 7.834883508961297 3.1656682169546047 8.724561340480442 5.211370882044317 0.7289510722035075
3.695792338967152 7.540081273573418 1.624561639656733 8.639068791321275 0.9313991076532879 7.245382142412048 4.981478248871266 1.8351893683365017 1.1226270378753622 1.0877080856624166
2.2949898067763543 0.5685203086354085 6.0939668308255746 8.334285896082823 2.796519838132151 8.844557010404545 0.24829704797522112 6.90011278100655 2.8657666015433536 9.00628899169665
6.687137640083364 0.7033083051720179 9.918107766257041 8.539018723323743 3.929366445453961 1.9143507369923907 8.494618108900232 6.846122949626548 5.189145645216118 3.5096593389195876
7.43440522122984 6.395474916406057 5.464834850936411 8.096625448150785 0.45622372338309014 9.599135715168641 7.794171655198232 4.846333058281599 3.736102779277959 0.06431861469055611
8.947023206337711 7.551855509523552 3.1399817311430844 4.4415143503922705 6.555526405184297 3.324148410183124 0.6551152702804053 8.99606112493948 4.222445028834283 3.244205526231486
4.261277972710042 3.2423305722996854 8.502099133720387 3.409283525375282 7.9925606517234025 1.5050935632260143 1.8142234562553639 7.242638660499382 9.262816457250576 2.1105174990356277
8.329637282023988 7.680365049574741 8.662583580378433 3.0596435106782547 5.657622184054187 0.9055583994131211 3.3825750086510773 2.5000727175006365 3.768414928799441 1.6691761609794231
9.178586706153725 2.0869914656147213 4.0002454672605054 3.918598670274865 7.36495308432239 1.412551241642792 5.228858042121505 9.449044729332917 2.7084303656373256 2.0830068801764945
1.3184765541722299 1.599625789012058 5.291665682842418 0.7359137560948747 3.8266849814177584 0.6349748971023106 4.425166158474382 1.3150703123364915 6.601712332891106 2.385015317313992
5.508955175199235 8.258785593298818 4.389126531286356 1.9595848045406605 1.3798642645328996 3.907439618745822 5.855957969524751 9.911265600318126 8.127675944326436 5.399197128696667
2.543786656894682 9.088911876553645 1.6230979733438389 8.598126495780303 9.178346099188309 6.606010687990862 5.0728185267926715 9.18686186169377 7.491709231270889 6.842148169624206
9.801648487519474 3.956343752938688 5.254140101797096 8.202495380600434 1.1590362624699801 8.538057875084428 4.5662090185074335 8.479370698487624 8.95699131096751 1.3495861241828055
8.627784906196434 1.0915736858163383 7.16873257787515 7.362174379569564 4.179034025833731 7.221325888049531 0.7521282521803596 9.44940790709757 7.599569995520633 6.9252967805942065
8.409276602874511 9.538985236260508 6.255417285059658 5.66533239968707 8.853325086818359 6.564958819850782 3.0994621713686623 1.3861461774450845 4.725906066010264 3.305713920513329
1.7595846548063454 1.2613655752450437 2.6933210705347133 9.593341291324867 1.3896775925658345 6.53598347816028 0.44688136834261094 5.092948765249721 5.412278268647936 8.512383799059528
1.3425687816390253 0.8758525860572075 5.947548187407481 8.65877114799202 5.237453878885172 5.3484755548121 6.201858718807872 1.0629608408846591 9.71506996300654 6.749171328576744
6.380250092508774 6.011131744553349 9.33920870074341 1.388085785968285 4.790550145387535 9.340287385781519 1.8353675564635163 4.080554287465105 4.722954954103722 3.39480577138462
9.171347111701946 4.812426996561143 9.417387669986327 1.9116023120719206 8.393258332457146 3.5761039523054006 1.971966455005295 2.965072535711899 1.770470045957595 3.52895280786635
4.3994330573245355 1.222116401875406 8.312787723850741 1.1511697091088957 0.2044032755987213 3.1891938078156423 9.04542446798269 0.9180409437987691 7.832818714280345 6.877493590186407
6.562088360926194 1.1519456060743183 8.135995843968923 0.36894652418013263 5.323775420825868 7.182337096548025 7.595183153237506 2.1349489352369897 2.930626971172453 7.717326993729346
0.4685514525173684 9.641302916231673 4.166467909514879 0.4183891019876784 7.251060636858227 1.7670274475266845 9.000420321378165 3.0700880627335647 3.878658895965467 4.871323189248978
2.927237900095686 7.44963354126951 5.961788503706843 1.9621269090725058 3.0377846420898136 4.026443233944707 4.999187729640383 9.351323231073057 6.033339053664024 6.959798412383456
9.001491092042711 5.425825467499426 5.032176902273516 0.5130558396377416 8.245150099190745 1.720378824415565 0.4641427622901595 9.965781678414725 7.980708455073673 7.347077360041807
6.608696919095967 2.3805531016709516 3.835484189435867 4.018228767887097 9.404179521803318 5.169071347935381 2.3792260282737034 0.3933403087908627 3.040806957029143 3.3026161354007613
8.862323741723042 1.287640838235975 2.5471783887726573 9.224766819756148 6.48967411260834 9.398694887520655 7.089833405351749 3.049699589296908 6.7593145501417045 4.639301732320354
4.02767263115707 4.467266774946657 8.373453259765729 8.90902022099151 6.89781456432676 1.9264512136816558 3.0205421624515925 2.1932927606357824 1.4567292885361538 9.131682528786046
9.930553156638137 9.248287732673704 2.6602548822971137 3.661887682178162 7.521632366625946 4.8112180188564935 2.0383684417146686 7.610044435232121 9.684826385064024 9.270035737168381
9.305348705403464 5.54139330850722 6.2945862301753 6.033040923253913 4.243232813339236 0.7813567547980815 2.3862754898613945 6.458086518762714 4.9062366388808165 7.069601036955529
8.107914178879327 8.132697550084178 6.0160710406280025 8.95457193118633 2.031923001306949 7.540569660971785 7.052856464050905 0.9532215295908442 3.7036287214239194 8.706545719546204
2.993597104497189 2.463538868004468 7.406821131458255 5.281314237079658 1.9099511884264797 2.692879803052961 8.042662467239328 4.7087144646059995 2.7092879895865196 7.452993543209789
1.7467650535263768 9.612669230689576 3.1877977376662834 7.573022630292695 8.410269330403025 3.347413793864218 3.2616821339732893 6.894650948449959 0.6242737107593743 3.773820533242791
0.7522159610704671 6.338962046046462 3.7329741512928036 1.7562714004194224 7.422742158687345 9.372462593126826 4.659399903375732 8.618660236731499 1.1004240670584098 3.350112583483188
2.9586336207427353 9.854753320177641 5.662842871194843 0.6761007210194425 6.156931737362962 0.7572766430711741 4.429301128894196 3.4984879533401703 2.8511687464985536 3.3117364581593565
4.068947660434006 5.74173459688033 1.271547258186293 2.6951237630958302 5.522617934224315 6.681521125978134 8.051533311346985 6.0262915508764365 5.632536140215896 0.9791565090681842
1.8024869609258576 5.633934181787323 8.183802257616657 1.1182648104928194 8.756480574372343 4.03974142859213 5.883845786044417 9.524325453334267 3.219305180323422 8.09843711744028
5.440796476904137 9.298040687155867 3.866689311953672 5.293055306204982 6.348988112488547 4.456386069319863 8.020261848507456 6.052945625879587 0.24957428307424645 2.8505965479907216
9.95581346161248 2.1436432960175553 1.8065050418874706 7.518229379271758 6.0249207647781535 2.6718741068797303 3.922876118141402 5.126834560855739 8.912017433899859 6.05561298871789
9.819925489980951 3.3796556572479073 5.702511320367055 8.428248052246204 2.0107271850169752 2.7791742076827286 9.603557853660126 6.3775486450500996 3.5228843174727507 1.982201433466113
3.137622579267724 4.664270992504349 9.85930042052868 0.13061020651668032 1.4199768505978405 7.621880581449104 1.1333694100664893 4.00469491087558 7.7347861365114365 6.308008420987487
2.5746862639474477 2.6215303836152715 0.04046877807242111 2.159899853192048 8.173655832232088 6.9886012770635375 6.263515537397298 1.9002529817174496 6.6181316866792645 8.123353879759662
8.280980190134985 7.746488873079453 0.872491103608658 2.162220772966471 9.34536009466104 1.595632264491289 2.759312923183317 7.408054433517771 7.371609798609031 1.7886234417276992
1.7260938960632577 4.502800628969128 6.98453902444674 6.302023419061477 2.614201612059097 7.562628008024448 6.515866973630885 6.771713772747809 0.6945299767939295 1.0756261885524498
2.2437175378618655 3.6223343672014376 3.4940888618696206 4.637571515676504 1.0833555839573328 3.7578427456069727 8.010024044711985 5.189151212486479 4.666485668079236 8.762716793119207
8.792328664276944 4.318430640708318 2.287439728799585 3.3699685969187576 7.073775383311261 6.405230672072656 7.548105716597258 1.0712719576097696 3.6353631574003744 1.9094835885517514
3.699460467171024 6.176150208452624 8.417835008683829 8.94351833411153 5.656085447837541 9.371312206728879 8.024594365723214 5.418618836451955 2.4510609160716945 6.887860041940326
8.20860947917508 3.519092669617713 2.5021476095570163 1.7532406359892083 2.1956606726274908 8.032473490725327 5.476185768758977 9.286445784696232 7.268553590191793 0.15237286741746736
8.767149257469175 7.989111259321015 1.421684961562516 8.770892187776374 3.6443146160841478 1.291804936565325 9.092613171848464 1.9903860259591544 5.980519449894786 5.23393281435043
9.987053948525396 2.6097702385333346 9.1364941535688 2.087333774744894 7.835982224622192 2.678450508221589 2.05577706098118 0.17777713762721192 6.5582930341561525 3.861341772983111
3.915729774787918 5.715211425220818 9.749735089160767 2.3213369055795674 7.783688114096322 3.312757998069907 5.678597464724266 9.10097829809898 9.643301708239365 8.056085767276688
4.040898108931743 9.572968689785167 5.8846284817560734 3.4789370754293367 2.6125839067918943 8.42955805331256 1.8925647826562997 6.607220186183124 1.6335218543860797 9.893725116511176
6.721713216336039 3.3532267718344344 1.2678238953828191 6.360468522085449 4.011796754424822 4.9731642497410276 2.807315908632596 2.514409875225593 7.276254260107059 9.045346021680713
7.419722589890125 6.120305240446871 8.487656889766608 6.483011570617082 7.190411977162579 1.1459466332331947 2.4871105555605544 9.464896031210577 1.96630332897619 3.6523312727094837
6.160817723692064 3.8483083026742637 2.0828121807201763 5.973865043158945 0.555491783022164 3.623615018772189 1.4394644734360207 0.11175490729421811 6.145331613877932 4.275671435416349
7.587091497607577 6.976639181273119 6.316778777944384 6.5368776205073935 5.499265079469824 4.141893444649222 1.8032959800503712 1.9481833894872425 9.5229123321077 1.1069407193341896
9.280922972463756 6.888499597077335 3.6378084990390294 7.720283386908586 0.6263772824055391 2.2896223008614855 3.6019135442966554 8.374870212959681 5.4429875410842605 2.1229094083569624
5.819281120303916 1.8637966311314391 8.375759790317046 4.925592485010057 6.839540933131229 4.372228138648769 4.465393265624746 9.128752283596045 4.282711992055807 0.9818322889928643
0.3320789713448824 4.755616182311339 4.680377112241104 9.276887795868136 6.333429489612045 1.1779870873791776 6.234013450868389 7.166637699796931 5.006901751999113 3.0502499584042617
4.813533970514952 5.876334910074542 4.0855953379259695 4.284537511063079 9.653868420375323 8.209830271340056 8.167318323150317 2.987288574387069 1.1546730329849142 1.6494329983475287
1.7203329874881956 8.646562434877858 6.948022787765197 5.63417349197756 7.525207219999412 6.541117837913534 3.9712125182560456 2.4454797060347753 8.880713321923789 3.3364078099343697
3.666548601406739 1.5296785249042288 0.9427333576098618 2.1392779834913824 4.627287674583948 7.7996156347751295 6.41864000281835 4.902299466400511 2.01863999646827 5.483085994600454
3.505647084908401 5.000304978993432 5.92502103017878 0.4236481135869896 9.440130874889217 3.045843890954388 1.4095023025320597 5.389797215786362 1.315941479465672 4.566904377646232
1.518673088646606 4.911352252950932 6.9332431102227225 9.039396156259741 0.7259003378869056 8.437311486492282 2.35543214616683 5.9485286142796 0.37822690139659443 3.197312553138132
9.580200338343706 5.047357351705809 9.596924481854462 1.0492362368963815 7.271825161239558 4.787412737630884 4.778977122430853 6.808366736161227 9.85528794375184 5.015467776208592
8.35654030631518 9.07893120039196 5.4388293036167035 7.462138061877004 2.7936815221995603 8.446714253035276 1.0100761933012958 0.2921535484498916 8.934482518457823 2.0418472145533317
4.141881120827433 1.042778356659091 8.763837146782112 7.943753147382257 4.047536406482833 5.645992522822087 1.4020560901919166 7.675625661340204 1.2410414300856798 9.911700666475996
7.726646922186569 0.1237063114564152 4.286609756479032 3.843360519216268 3.399407337903899 5.617018185633978 4.162629045054977 8.464073665077926 2.2742358352900816 4.616101039141344
1.6187935425227096 9.4503199551256 2.1708262633744146 1.4846900937426832 0.5711495093946006 1.802152133963606 2.821681373625493 0.15616179440901656 1.058306533086013 5.022816582067319
1.4346453782290691 5.156971019775677 8.573086639222844 8.83739918779153 4.760419665216755 8.412183899587742 2.687395463715414 5.3492412738945845 7.814294311083378 9.53361320678679
6.804116071212675 4.71450641665263 8.473589989011636 4.878942623005442 2.598346151685229 7.909424580658403 4.0570744511787185 8.570621810150907 7.251304222613076 1.9713763247297311
0.6898800656898074 6.876209319162929 8.933760938755876 0.21412345428240664 8.767216280431283 5.877218836671361 6.161853722556404 2.3491302900291746 8.152436065993493 1.1914300695790714
9.626665402668845 7.189064506949445 4.8797811889992735 7.66400281720316 0.8899626697528429 3.6662017308441905 7.079396840632345 6.405632144469003 0.942005825147173 4.267604475061485
1.6019700537612824 6.331368583004223 3.033352889973596 8.670580162327028 4.392617128473574 7.44162110947207 8.421102666713393 4.356071728131105 7.0484020884446394 3.4872467849080646
0.7110353679877357 5.284265754323591 9.191143493899975 2.3735297997713367 4.33061848135568 9.335851656134489 1.296925872267649 3.6832286431171934 5.333874211336297 0.15400014835338927
5.446000821006875 4.036783103408421 8.217606191906464 9.266275974888089 2.09152524627062 2.658135641216468 0.7195094974988581 9.92233217631311 9.39285691531679 1.4775399996529226
9.672198617855775 4.952382731786557 7.918881611670603 6.378098683630185 4.903203714597494 7.133084462304 7.59912520135117 8.780674931585049 4.8995027177720285 2.0416036987028674
5.68515673502502 9.662208888813757 7.496173413792045 0.1852809657716903 4.18206718077934 1.3153624174422984 1.2022592145350963 7.313448840114674 2.719558265091384 5.682801780688928
7.9429687718548125 9.249600180759968 8.154460674454318 1.937327054394632 5.975832183141435 0.3262425316010342 5.331248117360564 0.12943727413080808 2.529463501642495 2.56141367693807
4.374391713259515 2.186819913572525 9.317089641815185 6.084980695232916 8.646160028970113 6.325639228672415 0.49301788345928466 0.004475218743664744 4.075735728546932 6.021386683762021
1.8487400987140123 6.8943679228441805 4.9502860674461076 0.08745629568277513 2.0863760884302405 3.3993209678649516 3.4558906009566925 6.122485954887951 1.8606821461558987 4.061096526643252
0.2659950432187219 5.612905970539121 3.9468624295240007 5.410445334851798 1.2973223755210928 5.315024563321363 8.369937195556265 2.6094335171921568 1.3879462601445014 6.1913651396711336
9.622438828931031 1.486312314527093 9.099486276348813 8.138870401789116 9.2007207313681 4.674173052370572 8.105160138370225 6.021969853561674 5.606181357408156 1.746267392528853
9.697687330565405 0.1114037299629611 5.68621882445322 9.735022369008314 7.835808175195856 1.9300853059019363 5.73074789455612 2.2284100811717167 2.8454425642533643 4.720172380395114
8.093632063205623 2.3564788153097393 2.4012866839979017 6.270911655711913 9.274387836600992 7.412492246464145 8.73690379015576 0.6847113743369737 8.374046713815183 0.5972624939805982
9.166132977074572 4.809283319862833 0.6300659751519622 8.431902806010605 2.945909878926628 4.526591075509277 9.338699812846778 0.7533695102555948 1.270350742154046 5.864729831504057
0.8892582535346738 3.888801202920238 8.758225373023748 5.98675342778491 1.86319539581985 6.598802511627571 4.18070379996788 9.510855966336914 4.191982061935304 2.686464184259012
5.373530535230918 6.329203012555837 4.221240576620318 3.7880471642610782 8.287543577020553 8.118106177499882 4.1946252599596345 0.7929053834404276 2.953724831805925 2.070111205146673
0.14945815988916866 2.5843526685015448 9.773728959416536 2.0289767779546986 8.50713517223203 6.349832905644005 7.994106930584605 9.171398899447668 4.744842489562878 4.57788056262026
4.482206171555864 6.654734280121049 1.4511309260746752 0.04100672533663863 4.9939923944733025 5.237860028937345 9.796418121436425 1.5577856541534396 2.0088063769841358 9.78270713144552
7.990500004363002 0.13405565606220637 2.9033329702239765 9.756884722250826 2.652666756325368 7.202288038063374 9.746826037504698 0.38321052225117835 4.186044096231145 4.109822183579615
7.321898727430101 4.919851548527254 5.226280904110634 4.750802201748301 9.109952570716315 2.7051675557457533 2.02573459718273 1.2932912717302003 1.9275871711550019 2.064243890896269
2.237811577887645 6.322183740750919 8.660095946241569 1.94948861720313 8.982140382589279 3.400170165515959 5.110419316532076 1.275558189703384 0.29976871202085364 2.0431569284773667
1.3666921135705057 0.30927305176001396 5.148591856915962 2.413179547600459 0.28878871139370377 4.188064085723228 1.9427379525408273 9.650985973456564 5.724035698035161 4.665894317290235
3.305642934081545 7.702119123906199 0.8845219796579629 2.5234796601063447 1.1850782506319901 7.734449854690487 2.9532109125775143 9.730030710141754 9.769392194577435 6.801770751235084
3.4333162009777176 7.4066241109884725 9.747758766747571 8.27718811347943 5.015175961158096 2.916705437902084 6.373228078502318 6.76169942587097 4.80711579720051 6.997111436037072
5.515901378745017 6.667475778639277 0.6615711480665643 9.743398509506198 6.434558689585057 5.482018449840579 2.0249883551851653 2.47614485316077 7.348589760269992 9.838491450733573
9.249805298429163 1.0402916091494296 0.05809054781167777 4.949176933123399 5.629064962249969 4.927477540313264 2.8385067779280835 5.7031412670915955 4.548989884610543 5.761709094871705
6.627216046165257 0.7858352779345978 0.10210694248990015 8.151601736297364 8.122963930187154 9.547501208613289 3.263278667554502 5.687819044990416 4.835075066681651 5.028889858109602
7.303261068464943 4.952224854460717 1.3478853961133064 5.546940246614813 5.499178447965031 0.8056539914754013 3.106851032870476 1.5497094849763382 1.3985641679214544 6.934101580228882
3.8863072131337626 4.06898522609368 6.903389704947696 6.658516232018824 5.764866034140451 6.030646884400548 6.2627628508330915 0.3512785927105333 5.912957802714115 7.926993783463324
4.6977456227391645 7.4528302656198395 2.788035224772699 4.9118859137450235 8.829009350929116 3.0448187206520636 5.4364774574168075 3.248693736444479 2.337804334337207 1.2115024005594632
3.5172437174707847 0.2226894570617033 4.3629940660959505 0.009062737598320991 2.3908442748270122 3.123653083494827 0.0216637022228372 5.76285194223067 7.1582110169085 9.711108503740075
2.1380812307436226 7.625496873135434 1.8875654184114676 4.693744042353303 0.7755571157714269 6.8541782565300835 5.433400029322267 4.186215337274048 2.488006590889463 9.103281786380869
3.2301976890235506 2.8506625083657076 4.342794633655434 2.1790208892131044 5.23453964237688 6.486925139166839 8.713701205370697 6.165512047172145 3.792759192846591 6.204565244580898
3.6026108565620385 7.607180836714945 1.6273179858572795 8.991464687805138 9.820804490769232 4.520263882776121 9.36359735608739 3.4878880469293785 0.7454824429179929 4.406562309507783
4.0598120146537875 9.081555959094924 2.5644281747686835 3.1554967337973974 5.056269782299749 1.0584072709793524 2.9314782175669283 8.745898389630732 1.1262144734012358 4.475370253952169
3.777732263870192 9.996868537776104 3.389008045527344 4.66560595192532 9.658204264550761 7.267422531166053 1.737421872582654 2.843323118132436 6.460878937017998 8.967529762613005
8.634320393605096 1.1444104060771376 6.5649052403068975 5.018549826838946 3.050043864905665 2.620766648068015 5.606923459404581 5.98895603380636 9.040299356989077 8.200354894720135
2.8992866081129054 4.531628126869187 8.005400408477115 4.431643562238001 2.241207357454058 3.961885197202358 1.0251971664940307 2.95024076015486 2.3736183595380558 7.340824795897105
7.830064646892474 5.037166560779878 6.6508133217826995 9.266417990691277 1.9468277482453844 2.382351116559928 9.636683359111482 1.7252082255366974 7.349516328143592 8.223584000106726
4.280648643757173 4.820346452917695 0.5483631911138198 1.40028400371365 7.088133634681217 2.967088770791263 3.4664698764432678 9.543095628756094 0.27271389573453764 7.234772893221369
6.682082188340578 6.61446486270051 9.261815290982225 4.91468053756437 9.655435009830251 4.321978889693949 1.125125374238165 8.106081092185503 4.412635442895149 6.545404445387816
4.504627529556049 4.138147869937639 1.8250781154724516 0.8499919939913747 4.447450176821959 1.9833221844800153 5.10139157324379 1.40276011107217 6.177473546813804 0.4680971448843163
3.399941903002958 3.1651106203129373 0.28891565184871904 6.0500789050332715 9.573422474100234 8.104266398563665 8.104871997134765 0.20557794660752915 9.973088344056993 0.34766735086081413
0.01606080911431551 9.059869383621201 0.9686945745634823 8.698596626903537 1.4997847811355136 0.7926556437824928 6.38122815529144 1.7379513687658654 1.2163845015035657 9.564153051320165
2.379026065801132 2.856216570105828 3.0902305165541466 8.232616089130337 1.5538965431428697 9.991331939634282 9.604560573312682 5.972002153592487 5.872372442863779 7.592294566821963
6.674239079355511 1.048870499573057 8.988240032227612 6.384969982269358 1.4077766480693454 3.4805016569684257 2.006005275666359 9.885730227905894 2.8297170940425795 7.071613562299261
3.2009755112501157 5.2901792396202385 2.206763398723992 5.414936648250949 1.4301436479955398 0.35836185594781633 4.005779835285733 1.8413087109489101 5.009086988875421 7.2244977041927
0.7090728356885223 9.0178350050961 2.683602509026745 8.678419582631419 4.722118153256386 9.918052350647988 0.9908163505545486 2.397536098886055 8.431171338008932 8.225923766343039
2.7830214740292725 3.852282624349199 9.10295759841025 2.885887027293599 4.978517408554778 9.164659969671888 8.76590857085127 8.474062436092417 9.707232283772809 5.068604756204361
0.47217664447312235 0.34112329194166624 1.9349324419100422 4.302574202735487 1.4119234697332905 1.0652185789470925 8.37833419626084 1.2588708006763527 0.23614409110094825 2.65373138950682
7.06445269543377 4.520867789094397 0.6415543206398355 7.145542905443566 4.2410324655662315 0.03844636843344573 5.780838149124473 6.7908679615504886 5.510927771456487 1.1235835514955772
8.383808379507277 3.823612259826221 1.0418080638073923 9.192183275040355 9.609811089646335 8.991599264895795 0.4935859049711089 2.2348740093669184 5.5989602208834395 7.472898230733346
1.9094780478712192 6.368642200492072 4.449560544290642 0.5818818490143374 0.23262521297090055 9.502808469153605 7.921338357067632 1.7565264441857764 5.3387110761367556 5.146997772036701
1.548870369297335 5.718865397673145 6.516042453517169 8.695390206135082 4.046860749369545 0.4133886552896937 0.17805784933479507 8.140685029515307 1.8986850664878818 2.353580242408756
0.259258118722947 6.102848154500876 7.841887022936094 7.344669494294747 6.224061800361217 0.30185252818732633 2.59907642696363 0.2010685163696868 1.9091028325678516 5.160267112681634
7.649943610942426 9.03985065397128 9.523011967847657 8.090683645972765 3.0998706373942984 2.007027044029699 7.043725889387109 0.2046160378362516 8.772889118055504 6.881255938569799
3.9818982374067113 2.6736475502836754 8.541492056066362 6.900020413772438 0.01998919031638846 6.78023761692757 7.603080822832293 9.36619735362319 3.390134983174576 7.814745340183787
9.922590929973305 7.118326293879633 1.0199098722270472 0.40686502128102986 8.38310282893259 6.7857879665348655 0.4536117289464092 5.623809615299172 3.32101580497169 1.900480156102674
4.347712278730223 8.224221357960758 6.069622521755599 3.399481493695893 1.9426381281260219 5.82592335974784 2.894692312349548 4.828575283367893 8.329053238336611 0.4272734618045215
1.277933828723542 4.644400842301418 1.5553403171632518 6.716019596260781 4.888972883627152 3.4133875354753487 9.663982863972304 0.9061930827604214 5.783752077176221 9.41852144856813
4.598076314229662 8.462723600943061 2.377016618245067 2.210380674835611 7.58520282728076 9.005094802686795 9.55882274789596 9.976767840726904 1.0844277413233316 1.925501443527422
2.959767208720838 3.255660608517289 5.673184843451942 6.813611559367817 2.816905118430728 4.479088448928604 6.354336659140478 8.649176122028399 4.152084497144692 0.11093695635297274
1.6797131826538003 8.905367649668904 9.046695552926472 9.729570741221591 0.8149427812479026 0.19987468412035136 3.6815979401246404 4.306556054545432 8.21141059104591 3.9374143364153493
7.508250762084194 4.145657609919631 2.9046900804114317 7.506468721734512 4.426841951893936 5.471668498387482 9.624814045153643 0.024690985656378173 6.16947497038894 3.4965310363264623
1.8822615553872157 3.371569172506854 6.221235814755806 8.940591384729656 2.9845592010420097 8.30357097293931 8.559233921929467 4.4497207543860355 9.541904689025952 3.8161417633795978
9.249470138235164 7.124432008593602 3.436239291515334 1.5985596810986191 0.513655266113171 3.4650049098001965 2.4567128480019917 6.421800975250123 6.262864567769022 3.437029523780825
6.845497407287694 7.6062015185046015 5.29218265043761 1.0746618507931227 8.851421802256146 6.334847597371381 3.340256265613667 0.06428318451985993 5.054918883925753 8.510263950828643
8.039940006885164 4.089138780465574 6.706285794900285 3.0961131893214375 1.4209836412829235 3.365926136693088 1.6102822089682844 1.442256592856943 3.0729756687821332 0.767194991307959
2.1935956934337963 3.9606707822991707 3.3365276109104047 3.1988058505998804 8.307733457390484 6.701350894718058 9.96294109105531 6.48958921161141 0.048400002235530204 1.8714777452669407
3.5673727021816592 4.950739775046243 5.41344676763668 3.147760480712881 6.8977737362214935 9.975364984549717 9.974993874884488 8.751011265284381 0.45164886861884246 5.574001567770598
0.9073313215354073 2.6836477496182445 2.2949413577345688 2.579805025281657 5.690736682755466 7.27495946182769 3.072120576694738 7.407504619350728 6.6023492029655575 8.23561537904244
8.143813145206344 5.713110339491717 5.7087612667861585 6.79203059609529 7.548080527785885 6.076745005629852 1.4910072062908064 2.1528490132560885 1.0537192099566517 3.9188709508994046
7.461136248425781 1.5539433205884878 9.958715099982271 1.2605644018249584 5.170581828530441 4.434970149605702 9.484260969682492 3.6513885660093246 8.864046687330116 1.9196599084273347
5.624500585396898 1.6137985951282685 6.698644614103069 2.7036649813927003 8.134435475323672 0.29091422383610177 3.9265530462027076 1.6979244391148207 6.973195445347521 7.634870415331402
6.730445521489434 8.332149478923967 2.9671348233043773 8.435864164602755 1.504491291655512 7.292170785936074 4.716988776640953 8.767392347754079 3.289720810098574 5.646533262867015
2.8455843667803915 3.0110746554666368 8.801077593261628 6.8118593269676255 9.567368497698709 3.524841149779836 4.024485128340282 3.6131470964700094 6.2582825827049415 1.2311598268353996
3.7157797791211356 9.814308491482127 4.214273098538874 3.927364147345116 0.2993724385429686 1.9258927509836576 4.109003551628062 7.958035417995463 2.6430175945023713 0.841081032299057
7.796086067510401 8.039784673584844 0.9760867263186124 5.907681337443861 2.0484263226527766 9.491668238784513 2.8222545924319298 2.4129885281635888 7.58703914847473 6.899863420254406
6.233525714403541 7.140020125750866 8.323951300899102 3.3331178968150232 0.8410439263131042 5.64777616737253 5.128584658918015 4.625883685671769 4.279139646163831 9.234811932547064
5.624268749463064 3.9589285853235268 1.3925915439983383 9.16455317937466 6.531300713008852 2.99261781134034 6.303088433299906 0.6624283654278318 7.8952412568552575 7.145938300716512
2.889397488773483 9.439024334547648 9.173889803602231 4.264742567478848 7.526758711398447 9.050120632458587 5.603660568040353 7.8855641044515545 9.034539328220037 8.273594360883983
9.52583555578008 8.576761152147883 4.697203874348773 3.864828832003381 5.425444280846598 9.426626998528421 7.952159832023508 5.546399878224239 9.320279819562652 4.64849755254264
2.879069748858929 6.894454102390473 2.8348325823492804 3.4857819582687477 2.9787204610024807 7.903335557869511 9.803680369526965 5.125225030960793 6.895567862501515 2.441654769937631
8.57114911138689 4.164609464595811 1.7165850981064779 6.557136782309334 6.288814731727817 0.33148904509125 5.270058743007089 1.644228714194208 2.459688282482315 0.6124377302775197
2.451494615081754 9.857578285833753 7.737690778186604 6.727692102079731 7.019808617845507 7.836147484765322 0.5632884634620661 5.973952036849942 9.535495438954413 8.796856042654866
8.600926107570597 8.858496162151175 4.153481281260737 2.363298651628102 4.141160122074153 2.6606595571206135 1.8368854687447733 6.114210169672952 2.640162142240138 6.082112400924915
5.223927827247308 2.768006021124676 1.3915245341015359 6.485267048544444 0.8587383458940334 2.1638543968789827 0.9600699683973646 7.869534467743219 7.787836537174537 7.756385019105714
5.454628666498916 4.6980370356566326 7.6275695033229525 3.210275013429232 8.97651511611268 3.962781994411131 0.1238059930757307 5.862597881520209 4.652700247205805 5.464183368628293
9.953706859248753 0.31495716828578657 9.547442105758664 8.181215483557207 5.0604025877214305 7.224070349767865 3.4434020041469537 8.821370509530494 4.16492682396513 9.478607915463755
1.9930405187037836 7.164983743077613 1.265767961185471 0.38173339352268076 5.063350500683379 1.6563769118317806 7.914921391438013 6.202932020133868 9.231756026498834 7.84466924270415
9.850334331273295 8.519352030873122 9.33826071069344 1.7399857271277874 3.1681549722652202 0.13602909605738067 7.7587092539955504 9.926191143548323 6.634214216096738 2.0560020117726685
1.636277811739485 8.359166259366063 0.9626763673235805 7.9654671220264905 7.693083153915503 2.1800298120401074 2.9308246768331223 7.005760681477042 1.4410627784233554 9.585607686931155
2.052446252285246 5.223103366478793 2.6210439289770813 3.8238348787935603 0.19831071630772024 1.018670927316777 1.521188262497284 8.719668100324082 0.030745646832550655 0.1657090345576695
1.4607558065696524 4.787481175358486 6.410327141873552 1.5170411727201683 1.1724127574437637 4.948800152283802 6.0362244721544265 5.39546114170075 7.076053137460779 1.1496306605826412
4.497745092849508 2.8411469528519664 9.509391992782529 5.759517485671868 6.643154105931845 5.3843669432308525 8.865332582217176 4.534868320328202 5.7128423174733545 1.8183932359867738
7.283392203056971 1.141964353555035 9.037448030284255 0.5666803262122144 9.052226994180147 6.760470524795946 3.2675424310551158 3.6700004172793035 8.20256563236843 2.126148647999239
0.08000963900712477 1.163374822494162 4.904625476309706 3.521869431358363 4.097264698978997 2.6692785879742686 3.2313537389745406 8.688903955759374 8.358973162217692 6.402733766792138
1.6085977189652412 3.4058767600325366 9.101945031385183 4.465550995061326 3.8455765981749557 4.570640186826064 0.8323980413377396 7.301120843117904 3.023791342767903 1.0207298589417235
4.715794576057052 9.487787941656562 2.7197762776805745 9.040948915554466 8.162979657792455 3.6679960882630036 0.046859683060270774 5.532018395007508 1.1573541376535623 9.342017631051387
2.8233702249980275 8.152121266702778 5.346340399138673 8.499234858700252 8.809484195254342 8.393561069226566 5.211410437283297 0.6165711068910218 8.40218385663585 0.5196447096229073
6.734460315217092 5.422816096206021 3.4375548035420698 6.562288531105533 7.894334452216695 3.0092290590221094 3.8219195062511826 5.168740243715465 7.055814104756559 7.360941794410683
0.5980699135678957 9.986198836869969 9.854405093018153 1.1903290630819674 8.750126823724113 1.4860014955141443 2.5337721204030994 7.07264856265608 5.560318293950402 4.654446319886713
9.858681214609316 2.3158979686309857 0.6532378172487596 3.8151981790871323 8.704833697223705 2.7409756480590133 1.997905664839631 4.998626567131098 4.2179833559001 3.604870462592249
8.085225148423124 5.7363084948586724 4.0382493750704835 4.268750833700295 0.2581882729030027 1.9343208288299207 7.5015493220858795 6.894458001259267 0.744452758385441 1.566840906881637
0.9585977121519629 8.447056711193145 1.3256780045599081 5.331960394443291 7.392923290613814 9.58772861609525 4.775273635183007 5.124508458053931 8.37288063627193 3.6604409062188847
6.205976622992139 2.2060765717962005 9.038645162619954 3.9074618610906 4.290944023938579 8.290317925954747 2.303694909949768 7.292931041650155 2.9568079275811665 4.411995535924266
6.7412984252298305 8.870340971524023 2.5944116467151535 4.411136457252821 3.7300474556787924 1.498918389378675 6.092704303712347 2.1390424178457703 3.3484813838789727 1.895543149132607
9.073543135824947 4.08079939897304 5.2373744272164755 5.502972560089655 5.589915045986751 1.9893169545625045 0.18926427687700476 9.461793098274361 0.24735309036069242 3.3388193568703572
0.5783252911579895 5.092647829338615 5.218096275541958 0.9311026118099341 2.9096934805873054 8.726940206547903 5.939795265829341 6.82576027370314 3.7458788827385305 2.4683475469920846
2.4253452896683503 9.915971724376615 1.0589064350329314 4.524122929830846 4.057680616346284 0.9343399104161865 6.660347708226814 2.114304024638245 4.503142070148694 3.448650279146921
1.7774191688530738 8.64858278685838 9.949283965868855 4.495322064333962 7.0718391714887705 0.8547416146276965 8.257761459059774 3.8987031720534606 0.4391502769381439 0.8491892136235735
8.820200824177562 7.037261236822002 0.7797320087405846 2.75928089689107 2.9147167168071197 1.8431037876106804 3.5987406219645566 3.438740588447317 2.183018582775466 7.159161755069308
4.770731915204335 2.0616496755368887 8.482797002556115 6.228749253756658 2.0957355188837488 3.9371005173311033 1.8173629358618215 6.055115625071602 0.3770687455046928 9.755761905126054
4.304264781742751 0.6439852951803959 4.6671883010574575 2.6612347649463564 7.216883836056259 3.729979555846347 8.056398898990928 2.033227193888345 5.017769516845409 4.488201665332583
4.920250611483491 4.676209038460542 4.999740563430921 7.945154910418745 7.894972515107842 1.226353717410792 3.6605468498505953 0.328561707768118 7.016308392309815 8.021212189989996
1.259152378195152 8.433531843173498 2.435630952645033 2.4207059234646557 4.136460005123067 1.232928293617055 7.918231374772802 2.624665268397046 0.3305736650379776 1.4226627947218506
0.9321957426100325 1.4012818731576349 7.776449417363571 4.368048419233553 6.552291988019393 6.822481358750435 5.9520587728742065 2.005223996175488 6.6318115828283 2.0963695874212265
1.217952603276885 9.652058487302092 2.7363221595012996 0.8935358206027433 3.2943762775632903 4.3958309735406855 1.1868053835794656 4.183148659630222 5.329855289744396 4.750375163153747
1.2256669801390307 9.5264119379096 2.8374376478293484 2.6132682687461917 2.797625496994729 4.019094640719104 7.40953782878063 0.20403017878725338 8.728498119008416 7.631483454389589
9.569602947677927 6.627196909326663 7.188421127868069 4.563254618260685 1.378578582620258 0.9795153919580091 4.242052144729319 6.412395654388309 3.4864223715559994 1.5084024509783234
3.016827623228072 2.4514512723543405 3.203677340639487 3.2291993785561814 5.561351348396984 9.111009815806792 9.865381684474613 9.621644517305462 5.819516818759172 2.889481520109202
1.2693606749757913 7.551376426713191 7.31197483293891 8.339870385477763 0.2932083516839412 8.400172225596394 7.095077021832036 5.528369192238031 3.9290322220440976 2.539013308677095
8.35843873033641 9.416260523113786 7.922305908579491 8.740966646464868 7.625784714958304 6.985737779041335 8.960929871319161 4.906253581309054 8.939749511797636 6.611906332786268
2.9328762611556556 1.559774313666541 6.6398302497494335 8.17736291281484 2.155553221111286 4.981744716735591 0.3836929031057268 1.732393118379395 6.677291432715082 2.544991516316213
0.9155607327819659 7.12296742021027 4.761122612152894 8.857846547410125 2.7514202095604845 6.9403558446230935 5.483281078166792 7.6494646564141044 0.4293006598153992 0.3903233054483035
2.013633322240478 0.9847890838333173 8.263895382301085 6.236507065643312 7.592494226883451 4.359269160621704 9.648314617352096 8.841720592187189 7.478067350336549 3.498836624563768
0.8617647049340693 2.5125638320814425 9.211000606875265 6.278526194225193 6.070476407781503 5.846868204509811 0.4273236166613137 1.0735250991815393 4.75021191071345 9.59013661520377
8.14829172488444 1.0693237640463016 0.11220005090721519 8.626286740326858 5.985431912905078 2.583030383399889 7.28036127974944 1.159642280593407 6.021347576698311 4.285801830767621
2.9462048412087674 5.88925764710662 0.26161046051568104 3.366736687656063 4.018790855940396 1.0333051184210817 2.500326256558647 4.141465409729036 1.3906686470379948 7.430390515874237
5.20173174063968 4.384060597708172 6.356718407610277 1.6263061002420875 7.572445245691691 4.7487875903422605 1.451336639212859 3.8488706937109285 0.3837565281773847 7.04859785691222
4.510423687156516 0.08014429480994512 0.30061082927254734 7.87016563361631 4.618146713260122 7.0544501972947184 1.4837020601291961 5.03065390763017 1.2644665589525972 3.94227292253409
5.0533634532730085 5.7192905133189385 3.517933204834338 4.724244798265461 7.6387030040946176 6.817219991530871 4.3092682015946835 0.8160727144734248 8.68269763117482 9.851995965993318
6.024773366314188 4.374398400310531 2.4337315296304354 5.318459029984387 7.524612495045012 8.895223788894342 4.62631996516651 3.6856464467795225 9.429536788493323 5.21067839831781
5.738535222835238 3.3097618177128685 4.060634426232387 7.796539679860542 2.410909330729649 8.686128044603294 8.770202458884157 8.422065002137547 6.121358923349364 5.998437825404305
6.5678561254353305 1.6053271895748489 3.532940330541041 6.76150361632685 5.924503715057586 9.081394862538398 6.066010341724521 4.504101815004539 2.427832375119255 8.547330111004893
