7.193632054939956 3.901396714964842 8.566465859042859 5.317123695532782 4.718832779637358 6.541819147783585 4.335970003349313 4.201325782425106 1.8645852665436835 2.6011650500195396
0.588398106820911 2.920269956290423 5.392148163662496 3.0970730005483915 9.088082630921246 7.666431402819781 1.160671461870818 3.1099257453584084 8.089899945069618 6.050600011984216
7.550732001445754 2.381614656464542 9.922241682559015 2.598185418995169 4.996735362933631 6.041496634461043 7.535450349222592 7.206121111618273 5.507883247475687 4.859260458388079
0.2674899741989334 7.5274653091879165 9.504671683955717 1.3873148898831034 5.1821343470645616 2.1199414845951967 8.557650612788333 5.630697559745402 9.2509766260407 2.3763058074191026
1.687442718065305 1.4703953641190992 9.379077095558475 7.748560066276301 9.76978061548328 2.966360794263745 1.8150784957979549 0.5846783718405524 7.286595279440412 7.879391652345204
9.840142860853808 4.015651664296968 3.1739445105434116 4.276443619154049 8.796067254357808 8.762295121758806 2.839842130145901 4.921822179718125 0.4914633322241557 2.4754062640947714
1.5598136426673748 3.307104931508068 4.815890204008384 8.279499462193746 5.40526799176059 4.635523653158975 4.995357949795819 7.559486275755756 9.619539541043245 4.851934936028963
4.338620459670938 5.711306695163061 5.928726090598303 0.8973949998620157 6.552207622077412 8.57166526351392 9.659204499976367 5.7677428324327025 8.743145561871101 1.5486557189624561
4.73098347397587 2.668493610916597 6.081846226785737 3.0942099483525274 9.60580455223525 3.5837262968898598 9.763650663426413 9.090936679254721 0.0911818658958452 8.914546341729896
5.386029855367653 4.970067013385514 5.536326481209195 6.493090815757345 7.1494658801253586 7.933853363557582 3.403172523114344 0.24093850324909738 4.393548120207358 2.5249188121476243
3.4554838334795877 1.0161732580342242 0.8958332768228294 8.96668691657697 6.881291338421155 4.781242178083539 4.089540688668487 5.193168987930895 7.548669778102386 6.124141246564038
0.8971604715239767 0.29302033852790843 2.292133769689597 8.378348809158977 9.230578222059833 9.211922774848365 4.636695275976656 5.112323086946802 9.37432266187492 5.988988034209654
1.6888933828316788 1.5972640422432494 7.447074534458567 5.547020381059429 7.058869288009591 9.012235418340552 3.927573425615547 2.113111737622433 3.624827088988929 8.608632824713528
3.8345893729971916 5.715191577598976 8.710988218854144 7.831369529097518 1.5666306442669942 6.881786260328573 0.8224079583680077 5.482052518387018 2.6355846857404086 3.66638847763443
1.464794379667782 8.409798211502547 6.569494995882658 4.424476909885982 7.774729659626947 7.928240464163382 0.1131992176819352 4.3903630649708925 1.6954658237910825 0.18266760033175178
7.52156893075723 4.032691505016137 9.255724077773387 1.0291145758645837 5.218600501191366 2.4115493623549424 9.143702628706906 2.637634453888702 1.3866340974632418 9.316789802410046
3.215754594858736 5.994853177503048 7.153479155946928 5.836314041682482 2.838968774429227 0.7563129497070864 4.961252823429637 4.184690505119474 4.039148896109587 1.4869931829044503
1.429247321399022 4.116638719422436 1.3104546171765286 7.228790932036528 6.564154672169897 5.056542318221418 4.640231327088746 9.54663290642184 8.524504274155266 0.1942934925307649
6.812321865193679 2.730282738038529 3.312169583554919 1.2294185511508837 8.374420378160728 8.66679778410356 1.742329339698403 0.1895678638930287 5.789791957757862 8.048976379140854
1.8342736111271585 7.806098528640248 4.240949757232143 9.048035517569057 3.3689688016122665 6.298618687075768 0.3126432560053527 4.354139596774106 2.7753058571248115 8.101998215386722
1.3537813837566826 7.576299739518944 0.7354746080471752 1.0634994167797873 7.702677127050861 0.3935483058858913 1.9409212036022294 4.944313092868794 1.1572658592486484 2.562186999499856
6.283861653105783 3.678932604455596 8.081716169367848 7.9092971025789085 3.435341091099844 2.777436065962162 8.363118225754127 0.7805886275420348 8.23934240145621 1.4998874667824957
2.0666972686047522 9.061058702029644 2.6434641865349615 4.988710681061227 4.0852700064475735 1.849820262633468 0.9902046652780083 2.4140260310934867 3.338422359276495 2.145848779284357
9.408900905400248 3.368585637106334 7.149158410762968 7.489291274200754 6.776892866469729 6.2430797599532974 3.3105283149075095 4.403365388769 4.259491916307732 9.119229604624106
2.0520177960466146 5.694776342019843 2.7918550914507314 5.837219935454288 7.6252392145946954 3.195959360603978 3.0318752635173873 7.325671067582361 4.550734193634938 2.3703537324068567
0.291720518316968 1.0264819918040025 6.702463824176831 9.35230343395006 7.746664098133287 9.303525704939847 8.353824787594736 5.45606784224635 4.823368108073078 1.0933111745884205
5.068799081287281 8.963818090098279 4.085796449856721 9.737372822942627 8.894107400860126 9.090385689607814 9.16544853199728 3.9302850214189498 6.6930048811681155 2.422920280908203
8.323621190647648 8.023841939437009 2.6586206104049728 7.846503059862632 3.086923877645921 2.54708175598072 6.0545101329586 1.9921547289409647 9.063281696689687 5.733477364244415
3.0523558954005416 3.5815667823026622 6.524185987967076 2.090753889986315 7.171513073656211 1.6932730263159423 1.62995845428356 4.605436437944195 6.272368325955826 9.937875030154519
5.278316113384895 3.0433687489777492 5.3152406523405045 5.805319091050381 5.472537554988065 1.9890884535459352 3.1688233965942016 2.0351162330320793 0.8340488919924716 8.761080804416238
8.636925576015448 4.760788517590859 7.425260737698023 3.146576256390788 5.569545692499977 1.3927119964941503 8.402003263209128 8.018697453496776 9.43406650021281 9.728920603813284
6.180926828704695 2.330400766734998 8.044631984577503 8.621324096209188 9.785741914429575 5.723798882296132 7.282533159461834 9.675185599311327 5.82720060995717 7.0500930280583916
8.587688257374518 8.922589823806927 0.17522253657308862 7.464478198545445 8.761078568006576 7.1860330353015565 8.797597401948286 2.442036335230968 4.1902570657084715 7.936146124447817
0.46820345663564633 6.054760010944417 0.9948204584051312 1.8479597321574581 1.088699763972616 5.1564995438074925 9.785995096576569 7.973008069788846 9.221165507542853 0.7417638648257197
8.744255951037266 2.4699610352206083 5.095175119720704 8.67594433810064 1.5411639794269916 7.174360243731488 0.8313135229704638 2.238673020766593 7.266369461486338 1.9384306549295405
7.914151679532585 4.478670614040636 7.967997574133299 6.634827553205836 9.051217901820008 9.247570739125301 5.674399105420718 0.9935670739791325 5.4705175184670605 5.961860742815174
4.837507811173994 3.029285158963748 7.437663280800837 4.636207611837484 8.022823023550876 9.716352270080064 5.3147066635148486 4.538085604698884 2.3682903017025083 6.782270834885406
0.836260065940303 1.9327620299442572 1.8441264904448296 8.015164218804069 3.4445304180953897 9.81933442566479 5.66789574081729 8.319063250568224 4.503388320164998 5.302656955658072
6.363915029574224 8.901084976276799 3.0026214279498875 8.302633317843824 1.9033245219211548 7.4374861329412445 9.967031024373473 8.671493671827857 5.120934025844672 0.840968711930481
5.2010484930529755 7.47131179971001 0.1772121501015067 3.3395041113539214 9.228062856382067 2.1581664971733505 0.21855894039556678 7.977330224479463 5.3246685120684765 4.725980632435437
2.5862639900076676 5.361670872434697 1.4035545599023402 6.482222194888164 7.934316693428806 9.504116746708902 9.164775575628415 3.0592865812861723 7.438504924500188 6.94349133134896
8.413657483309803 8.509522326034437 7.914001649299362 1.987427968082267 7.7346097951646495 7.888501105509713 8.105903428123828 7.872761947524634 8.81362828585663 3.600276224136337
0.6769516125045338 0.9202423868921039 0.6182904284264501 1.960011044276716 3.4889358551965 2.3469517110388862 1.3725596576867571 2.9235035129475193 0.6590387006371501 0.300217081628128
0.8047325356521073 7.739769121691479 8.569649925025255 2.8896845749729083 2.5003750396492777 6.401989447957254 4.519946537909805 1.5196193858161144 6.358112994126603 9.203770177765554
6.029792980524142 2.6613872755385914 4.124655498948537 4.451796995499315 6.941290795983795 5.3564571834726245 6.776446669715373 7.442614152118583 2.410565567366969 1.2031657739756507
1.1188557780513497 4.18039617331355 8.64214685161182 3.3558645957954933 4.389834028252003 6.994217778493065 4.790564196316259 1.1529692701339789 9.883475512221377 8.207474342906778
3.8385464307055104 7.390813427019624 3.649946275282127 2.318738922573554 6.458474208390451 5.973110013628843 2.1817470289436267 6.772489840208098 6.87350842394713 8.691203638285117
3.6623064013149174 6.329775446691178 2.5570760839700126 1.2281949567572281 0.8314017758014169 6.2930312192549405 0.2441628378301064 0.1304043350343853 1.8129322955902827 5.3958994791659745
9.17512931925415 4.452537251545542 6.354078652713898 0.03804412287590875 8.752531799649052 8.058299952395577 8.840900529030534 7.7265938147452795 1.863692368291412 1.1461066898550276
6.183937412683564 9.07998961972868 7.006532168259336 2.4699111124122153 8.208398235983358 4.556647673106196 2.053445530710676 6.9380831401073735 0.537036011119314 4.1899955001183535
9.997757783168227 6.798645955163465 5.119820428826159 6.043077424293283 2.3495762519513175 8.457074240225255 1.5430402087850803 1.8400625073093846 8.982608958515701 1.123250449059433
3.041478610416691 6.28863613907622 4.18079125742743 7.947062070902534 4.74082274381768 9.976389902482918 7.393327329012741 5.07751623907077 8.07348315936062 4.405969749988966
3.779015956000374 9.168138057142109 4.539516876091014 1.727880626419106 4.005501046692025 9.251809397276338 4.025359020087459 1.0364870337964327 4.966345757711971 4.621092684821269
7.7465879523637895 7.713890381550451 3.088602682369755 6.375484222423676 3.5469614195364665 2.2380032128069582 9.725810858739662 6.634917268565803 1.764481015459528 0.11528216406443637
3.766121477912251 6.069242100124754 3.1662498758452062 5.155221033015319 0.03251653082277817 7.356286220337861 6.55741414088633 4.172848260021497 3.311852079688662 9.456500389945617
2.5854869973249883 2.387110234081675 6.921722032743163 5.180077576559443 1.9898723203955149 5.277164438916271 1.6089047520646826 2.4228306804601427 1.0874214547029448 4.465250237706648
5.2704210006731245 7.659996582392049 4.6383695642298175 2.31393619797979 6.49799584855735 8.81253353919491 6.403018421165319 2.357196745890512 5.268984125294018 3.4383640398020643
0.6780402255421747 0.42889977899380094 2.2415842100580585 7.351406788855397 3.892302451117171 4.408934020898655 4.059429431190016 8.234133100445327 3.94562103475388 8.876343994896772
5.830415024458709 8.584774213243096 6.389869908211176 4.640479275368364 3.5168796998216423 2.4281944963669124 0.7803880510828132 2.1153102980405345 8.359032272233955 0.6198362691079284
7.566640607426493 1.8086961015016678 2.6507715320198044 0.28503649725279745 5.744610242527907 4.817537350894559 1.1968240490292748 4.9614012881894665 4.15940362108202 1.1513840383315832
5.60237745395002 3.3498171285378353 4.8250809958141545 3.951209840736789 9.181163305418146 6.230067462870663 4.919726094001128 3.226704707779354 8.715204295888867 3.059916801751857
5.217293067380431 3.6045778736338163 5.559204197058747 2.051910001878232 6.633783519485087 6.76200707363587 2.6548305143610818 0.11002926393736012 3.293816116246008 0.7135043795693796
5.904899491139881 1.9087409927386 0.06467622349294766 4.9261153089229195 8.054743228287716 0.6098541746432029 4.858440765216172 2.357007236552965 0.7377998928987706 6.238003286463495
1.1687928183650542 6.939139814110655 5.664739800362152 1.5734585305535331 4.287654217221468 7.7848570473403775 9.07019783237403 9.571360502250275 5.437784553924122 9.433876287257302
4.47845570287987 0.7793609330306039 1.6610032521181206 0.841292433720694 7.6091785868332105 4.001045585258149 5.717713040924569 4.482854208111301 3.8165788053729877 8.540408675345526
9.481915963737672 0.9489156446465796 2.840141204532417 1.763030089751192 6.3569314748879275 3.7050961354690526 7.842317113187698 1.422507530834295 3.0905359018450174 3.3168338449352994
5.718351583706735 8.226078781337687 9.034265933114371 0.3666525325897452 3.4856792747917478 0.4512646075041571 1.3701384141709605 1.5371018027658112 1.1950905449780114 9.075749271905092
8.119056351367524 3.8889732964429746 5.253129597037857 8.845610930356019 6.8486875470442135 8.233536930634724 7.304958431514885 7.982400759439542 5.914618463110385 3.6791782468990784
2.8991829211405262 6.817462552326001 6.79709607272582 1.9269624725023304 1.0409007887651012 3.5422743430439665 0.6366945779339683 1.6962897632946294 0.43650162013275207 3.47648484345512
9.425753185952807 0.7809447999024732 0.7435137523685897 6.780706675663788 2.478448596097839 5.66749019701205 7.46105239646209 8.379021664916607 1.7808817672417854 6.392085750648084
7.231198091913918 3.006540244398135 5.6135744024228575 7.368465235849041 6.268893410637051 7.760252214864696 8.442285955663213 3.2889341102610024 8.397715696269193 4.3067924134345414
6.4890754951468725 2.8818986055315774 0.7411460668219971 2.988638072298284 2.6240535363402318 2.303576648217265 4.503720800911269 1.470645550909624 1.2592791070250453 4.248175931384933
5.4737213157392715 1.2817218102929495 3.779775002969903 8.479973628700336 3.8888183273740564 6.631820896274327 7.7126512424532105 4.42236530618484 6.128355769352214 1.2223418654631169
8.313841192917529 6.683097792343173 1.3307218587572012 0.41839930903010747 9.542968511821153 9.951533802813552 4.481527115158741 8.114324662478829 2.5003830688154194 0.5729446343780231
3.778065037026227 9.89915028881593 3.3164151985310006 8.286463230911993 4.147805987214327 6.716716221807321 9.211415916745837 3.1074703679716107 0.6834345102028605 6.11543218419504
0.986165239683694 9.141829219030132 5.45420878982504 1.395616410172209 2.5557484802014283 9.23852487662401 8.663185144216605 2.4877259486968715 3.3060109248519964 1.8189019295777975
0.44211600710425847 6.2326790304759925 7.030223695745407 3.964839397170117 2.710599294522763 7.885866777073343 1.9946034328668583 2.9048370329321838 1.4733138633170217 0.12933845198706662
0.28484864383840014 1.4061333315355584 8.688953608972778 0.652032925586874 1.001865446413669 1.262613236347544 9.416725729850745 4.445827095124043 1.1033801572367807 3.0624007483498583
4.331055380559547 2.3655550807139027 9.729139101720056 9.7256834294014 9.892395241555608 3.2140448441675984 6.700926308132599 5.922440003993192 8.471811847017747 2.638612658132784
3.5546315247885185 5.411399988453656 8.549281185299856 8.463343286622349 5.940127459725156 3.585690396940816 0.7403930402915182 8.731873318328295 9.515722329042667 3.067276309964009
8.853429923279378 5.6982892053202185 7.5674783699929735 6.061435187162205 6.438552551425017 6.279142155187435 7.49969167505585 8.364148318893651 8.363085488432638 7.067465528122038
5.071354958850453 6.409436608072493 3.83166852752173 9.910083325923857 9.794434533829632 0.5502980965424809 1.9673002087739233 2.2623766200004414 2.2633071519521373 4.886063320380342
3.579065615543576 5.060073798677285 4.350724597168309 6.3806012133794585 3.064610393838454 9.685518283029154 6.184181486834692 3.759974370707927 2.5301827772988696 4.7562547428400626
9.607585206472454 9.734761177815994 6.158336289267901 2.9266746551959777 6.436634373118867 8.461419433774893 6.613147615884392 7.668840312963006 1.2323358843982912 3.8386941511019557
6.845071503282093 0.08650676940711977 2.5456005120254153 3.2292226047716275 0.04232087133193341 6.216749425798506 3.626873405327818 5.5031245825793595 7.672923122722182 5.986491014792442
3.4482768453866255 1.919506763998896 0.5713731413348677 6.016619908804018 1.551749358079747 3.293455288002336 0.8460652637195043 9.804275018394101 5.715187060948028 7.140224364788859
3.018455622159962 0.4642692040535856 9.719610363869352 4.044975232861679 1.2521685412740746 3.1735095618772116 9.60388590655489 3.3755574037315803 5.79002908628837 6.737664954688239
0.7095601462324819 4.637465786707734 5.789268426314381 6.28722263573464 4.546868861558682 2.264247134309836 7.629912072327149 2.01046541102197 4.054005816125725 8.443270126020227
7.468633707923709 2.043792233967844 8.175248280683277 0.6959163574721039 4.320111237136533 1.16519395200963 1.8495539019114815 8.362884837985295 5.2702003389846555 0.7745888345932461
5.479757907901584 4.889448948065907 7.559996261324626 9.795111309977912 8.743515432701887 0.8621416064779353 3.2271277851077276 0.5923412632295955 7.210649930300411 6.1174863959233425
0.7503830776185982 8.783844355401945 6.6475843381716535 7.925034977872116 4.716047997973077 0.8992956185171297 9.118045649920395 6.241105051945467 8.909085056549255 9.251837637331864
7.030251528051805 6.336264907540623 0.4295624193177283 9.094224756420097 6.134302527938493 3.718737508761879 2.444497781603193 9.158688696920269 6.139516008687935 6.207551649288797
1.0075531878896304 3.0173545103905663 8.099960690836618 3.253397410469625 7.0137784638897225 5.35042880480076 1.007456964496909 3.1617884848346076 7.803871331675689 4.172265411043764
6.134831727429716 4.742275963905145 4.192181828680681 7.340813492529723 6.588228534234655 1.0890945494449744 7.764961635719984 9.263836305840316 1.255789215612404 9.692765944180504
0.18011628058512197 1.6156837092777165 6.881039794298641 4.8888269178472745 0.8969906186238186 0.09128976001271938 9.342829097609656 5.768980200338936 2.2744819561995975 7.749460558372289
5.3896832435996425 5.1116214335891295 1.2980358924335056 4.3354021374585106 9.054956436864236 2.6328249987150834 5.330854396490214 0.12283735060502288 2.7701721415579836 8.915515410995138
5.231902966478491 2.2789420426335907 1.7974654087476782 4.743693645233076 2.9430741811484626 1.5307297682362775 2.018052899485323 4.250224747631667 2.220129781522483 6.999398308534634
5.342172560000367 9.280838116524588 0.5668069277292787 7.469546759023304 4.046950418215548 6.683628203899365 7.628742725110222 8.073059647182093 5.202167134349491 9.852485407698726
0.3136352644120166 2.3928463069665007 9.00991354082133 0.7845302700774104 7.726325383048004 1.3295122885933741 0.3626400638323557 9.155759381383943 9.642246806663767 1.7244369854659314
1.2151187367973515 0.4757581341539596 0.6899642994412714 9.695610795617696 2.469354901733153 6.251470132008036 8.673276840919286 5.917988172984183 7.987498665006051 5.271659029866234
9.535632776709935 2.667992925476408 0.07632326523619004 6.6178347046744985 3.3543732473298182 5.35221199757605 5.327854402319224 1.814059662266574 5.449574678324762 4.4531949919789735
2.054245456000449 5.647190661060613 4.202041843154458 7.3506781767475795 5.72101627161774 2.620750339453423 2.4972532144932424 3.3144318192300357 6.761281732484903 8.749765959166522
2.8468381142244095 9.115326681650135 5.944615855878838 6.460554241184865 7.186424810893063 7.164106308965477 6.0777143806888345 3.728565372741998 1.1084640375944155 2.862737231403616
5.2300285440778005 7.269048997867835 8.860902072106173 2.941106826374198 5.906064343503042 3.589439226900101 9.827337229410428 1.9522219621648218 6.627054038510871 1.0189973598561475
9.401566759415411 9.811958693142252 7.238223523911644 0.45039475025026143 7.17918940747425 9.294800053217667 6.923892902667509 2.4595543540678664 3.2111974651689446 8.734889855221198
4.391167341804251 3.7142132123567793 8.699262371109707 1.832121325253494 2.9739845676020704 6.13830942148871 0.9596720838106065 3.425874257342473 9.512808585132404 8.168433966419112
3.7426594563865434 7.3743946873917645 4.781267483636245 8.620230560042973 3.0661098362871995 0.2657153014596658 4.95955437845521 0.17677162071802477 5.607417167533713 2.5863919498822527
8.195424525662334 1.3175678488115838 1.3945127244134603 7.18723284663466 7.6471315564390405 2.626024403985907 5.04685918942924 3.4105826555215923 2.568676946581898 5.844782558514901
0.13947288553922355 4.0816129237998675 1.9762392106181725 1.7925383836234121 9.397794874295071 1.716466199894373 1.2256888695628076 6.312562726012755 9.378503712442786 9.762986677650595
0.43459392049863377 1.7922908918329428 2.0511252270479616 4.465163077453532 5.098143005945984 5.474989833117406 7.267560240219501 3.0303001677913333 3.4769296410618145 4.778653422748582
9.491418407929032 4.17832653166124 2.3755533892809555 4.14391411471067 9.356310613897316 7.865534016303625 2.78451246783788 7.551899069266556 5.632017553345619 2.0004387558849936
9.52387529078094 5.784607383291802 5.999721083810254 5.3073408668528 4.505736349424852 7.74451349605709 5.672243455088674 7.143553146787558 1.5234756479848999 0.7067520125345039
1.3425164169673531 7.039158375902521 1.5793588510363443 5.246376976153372 4.203254079295485 9.003545043271911 1.6780263325857048 6.7648271438700025 9.853080332116424 8.23086339147448
6.741942219389907 7.033873581872029 4.789123837850018 0.7369338683301629 3.845882322613139 5.981960220911912 8.883354046944051 9.673028392783433 0.32106056615253675 6.066997218129212
0.7497061582125464 5.58733992642146 2.4455085205411855 9.011300221874091 8.231301344907308 1.7428426424352272 9.415835365517257 7.418510961435752 9.371838911609624 9.750636166024636
8.086516015909648 1.8489798752332942 0.18249817563278703 5.240761285186448 7.5663646279814785 7.2992245497580335 4.27545900229088 8.067859128566111 9.177872800628217 1.7127250914330183
6.007410055477802 6.636944174401042 6.513603401046884 3.1434537135912812 3.161184560196598 1.3349422990952042 2.3648469788382354 1.500178374339668 7.390922360240955 7.766547734708334
4.151263715626378 5.418721946600957 0.6659320083180431 6.518331237030017 7.146251279296378 4.740995413822938 3.770682231762744 2.512931269468819 5.271291405360411 4.323768480684743
8.553125329507408 3.665546757084055 2.5235453475335703 5.456778866456727 9.0608172649092 5.5178407980346815 4.204485458936641 7.038923287328246 7.9640641334670805 5.799756060237403
6.033361720026909 9.842912176496931 3.7375931984521404 0.45763384306820254 0.9578221754926164 3.6929141367056006 0.9570104563783266 0.5874157751826536 8.015017694585012 9.186353644336382
0.7635713804964328 7.924605347178579 4.950043450201928 2.710165716834243 1.0605591802655456 5.068047033626792 6.4645738582839085 5.933457096366105 6.326830392636277 5.4524801507970615
2.9470779421286664 8.702655322694373 5.067851184992312 7.23520989264053 0.32700439288034455 7.321877947832888 8.871814317124404 4.725131689010306 0.29885035363126256 8.570385788174642
0.798195684607319 0.757733427640167 1.5780388014525348 3.4906294480004076 2.3983679334168717 3.5075913706963666 7.079046604825098 3.9745397982255684 8.052661233465441 1.6302688836992951
8.947240548724242 9.482349463825786 2.50552363805736 2.3384110543980485 3.2293952732855766 0.8473772226576737 2.49019850108077 8.042226902641197 8.633881588269997 3.0518446031156534
6.156602981966835 8.522438390412244 9.310028239623623 9.102937895332303 4.650859591049068 7.254159433580904 9.86717938664438 2.694967339507758 8.642192329190287 2.463073031465469
1.957482026702434 8.212612746780847 8.852672309130707 5.770651144163866 5.662454747080976 2.811895845968657 3.7175572447999117 3.8730601286929147 5.651905231819015 6.809645043448061
9.188736018476707 1.598783845896642 1.6247772663213123 5.418874359821901 5.391059958883852 7.902887103634473 4.895030037846446 6.986626206217107 2.3510987536876216 9.881231225730177
8.151656205678737 0.3224777510269561 2.3401371382450877 3.7258462969469788 3.4004752143172112 6.450045502720462 9.507979027938237 5.6930538792961425 3.886342939345344 8.170463853670338
8.431406559570505 0.6188244926570852 9.397938817960881 4.195959203681362 1.960895506630721 0.2912485851956803 0.7733073059009987 3.293273730616323 5.321459990200551 9.077881695136616
8.652845992019788 7.8708399134002525 7.808265523117567 9.606124423444236 3.5674467989694456 5.750245740958703 5.614908560579533 7.0076844044557705 9.303013575628846 3.481668907916121
9.342037025567313 6.263556622733749 9.148596212892766 4.494603058680288 7.556240840243371 3.523851669476652 5.113892973775408 0.6193349476719578 3.403914259962111 8.927191708191387
3.4928951147472063 6.071277606435207 4.732056846686849 5.4072813250109135 6.2539548617705005 8.859399641499436 9.427740213678197 5.249658783103803 6.652580982089107 5.761634448703257
6.760241402716815 3.749512978770433 9.191778888380854 3.504295287443636 2.3946009675157343 7.221852544164853 8.595765005224898 0.5891571495397563 9.442637612941773 0.8281965700451177
9.816408598791785 1.3310147457022692 0.4272095417052424 0.20935098484861414 1.2577575738300395 6.100158511699183 5.3577836514869155 9.751724332435472 6.382536455183906 9.508357704578305
9.250136395413842 9.465027500506979 4.655503203425681 1.3335771278502373 8.370276686323066 1.9120905867314608 1.3820807407156288 3.347794012307528 8.242446623970132 0.4069242986013555
7.4166885687766495 8.893924533189653 8.033323332502494 9.785041294084627 3.9437143818170615 1.0520089572005908 5.309306170453536 1.45044451798778 4.575086007422763 9.54144331566659
2.3610442594861603 5.1165778700708255 6.861913658569168 6.1251907964320615 0.29912193874431225 0.6839307802288452 7.9836948938083685 3.2135400045494444 9.947087800001201 5.034872793947964
4.857083187289252 0.609124596352143 9.192774175872376 0.1766873533343194 7.197242874693074 0.8915546581688327 4.906124432444146 1.1266662075718725 3.168324325532832 4.8091533552058285
3.791508916487535 4.208513129363221 1.1756109309304885 4.22693074805119 0.6147754196467559 9.01719992068763 8.080406438370975 1.6740711416874376 4.130047292667367 0.2098050549808217
3.6597422446411896 2.3408456956547994 0.7285457623864211 8.492756303425924 3.4865057174615597 6.494007953616584 3.341480172437606 3.701294820560792 7.571600699511892 7.7113664784865374
8.451317954207694 6.704858855250801 0.08827255639548115 5.080371253680926 7.200503961645776 1.0224838858497998 6.289738918741204 5.562192077421511 7.533974237245281 9.49520498592641
6.334790758225928 6.09190500411885 3.071567150150024 6.13783450688416 2.1520381665910726 3.6670457663935174 0.9787052612253677 8.38038399795304 2.701990696248866 5.670929890688762
5.488483809492949 0.30978370482098727 5.0371854569881735 1.9837780477030442 5.9255703866440355 3.2354510295574124 3.4140788843789704 5.053826675385179 8.092081164330743 5.927641343146353
6.376447587431086 4.032245841813953 5.6978722281654 3.215414641553338 2.2085474937994465 4.319824654614789 4.152440946560347 8.281433218952595 6.447304982955934 4.430026574217171
2.482906283395673 0.9537024741642086 1.2463241115616341 7.942158726914592 0.40229785461883605 1.5697541345433874 5.300509762282135 9.50003373680804 6.624649062639668 7.576665562849825
4.768627140457976 0.30565697241948353 1.4081589247170356 7.93069148252971 0.17212726010640167 0.3640923428381959 1.0049477254643047 8.573187452862589 1.6020866143035883 1.854822322667199
4.2057034856971285 0.7848825970417472 4.732127578335037 0.43654048035962734 1.4897730750536942 3.058456838930421 3.1136945613513256 9.036467615244764 5.426029068898157 6.279769160934717
8.021085729670412 1.7319165008088733 6.917097351558473 1.4709675601114391 5.7171468506439505 3.7009715606721016 5.6393042113178815 9.124109909956884 3.426555977766186 6.900796632038661
4.602963071266495 9.241809817118355 9.532139536441216 0.12621320239338596 8.142390319705253 1.6018144022171021 0.5506796079194043 6.407844266078531 9.842299956954987 6.475312791373156
7.2981812629964224 0.32825053462665843 1.9169973336680624 7.05416065854209 5.320593446147589 2.7661325071820597 0.3810573238383974 6.180102756607438 0.14448496833769364 0.8228055528080658
0.9849324497035761 1.619459665578179 6.193195901927345 6.241805775296397 9.336211574175234 6.089639469972161 9.317501417904005 6.5016147703645055 4.887006569730948 0.5192275355710008
6.805837330901952 8.94313884676209 2.5402128121868337 1.6112906866412602 5.467656540092501 9.787714256579378 7.512160939782842 7.67993122040426 7.9244957396654385 6.708058307815002
8.78643090290366 9.94301153368059 9.59685516907296 5.733713982454298 4.00337633275508 9.979363879965303 4.040999637041548 0.7041903906338187 3.9521674452836306 7.896686724521493
2.2683148805594486 6.227131050872102 7.966925378226607 9.906722135412135 2.4708621087032014 3.1554915993371813 2.475791375514863 8.467202275304675 0.18029021621507102 8.966838460609148
3.711533447986625 2.925436464532188 5.303286801963745 4.109533173725546 2.1645647453531747 3.686306269055587 1.7052518019437057 9.37469652181066 0.7440092218218464 8.327827044273329
7.054910419126209 8.659494680584755 0.8097184030634619 3.8003212311376524 5.496081177285273 6.1064266272151535 0.24790698943941147 4.870641587549606 3.378841735669671 6.534933086480565
5.585341514112086 5.310774292961319 8.760846213697464 3.3257902499107406 5.771783377700389 4.980539507281 8.680562263199532 8.475387891773396 8.70764740589422 2.917001225390127
4.307716821353389 5.40613682071709 2.8536125706961424 3.818584542705125 2.992248647946637 6.3008871151606165 5.331176916928469 2.8997940205946238 7.961585449709025 2.2233822383887345
4.807920402162496 1.9928110004839983 0.9570806581433455 6.093413739900138 2.158504193494304 7.985148625336017 0.45395334806865195 5.704479952099969 4.402199823142077 3.2079201577084016
8.275098650857574 6.403397336516817 7.7400046985343 6.227179151669092 0.38764701689632197 0.795448083040573 3.649173265290341 0.6411751830725809 3.4621678896078 5.895292782825464
7.940249705244486 8.949257626737877 7.377926039618986 6.513015046123235 6.441460453927988 8.333555519164372 5.273620234356801 7.346307592322256 2.547588753808332 5.282447321287151
6.971544117966127 5.243945424998381 1.2552159246365435 6.385230513975825 8.644126775410987 7.412341783435129 1.5034844182034646 3.3402844717323052 1.445327406317909 0.956108635883085
3.6493002364236506 1.244417938445177 4.495371411282472 4.075202024202395 1.7281591479031222 0.5689780000325895 3.085832489647383 9.485354145056533 0.786544739412306 4.878689338803603
1.2630831888716776 6.185152718271398 8.019118307884018 8.312085696994759 9.051644747767472 6.56225421090679 2.7036736665631613 9.117782272602186 8.49499256315023 2.012866884373601
3.999112534523875 8.128730438281854 9.419881313113423 1.742777542852303 7.556445568052503 3.9569866671047427 5.371272151416773 6.2248370364762815 1.5901003270506775 9.90441914558507
2.5184616744514265 8.906956412644822 0.5665789754021089 1.1101622941838696 9.49902542567189 7.196314057667862 9.989774364655899 4.293526497611536 4.145705141855103 6.489608002673972
8.897020067152656 6.601453780842034 3.8323860788531796 9.075829283088057 7.6272134375092335 4.532506624886583 9.7788224721715 3.1071764755878606 7.182119085822044 8.684764545337597
2.0697905399011485 5.515368157488853 3.07422340728132 5.1628944204943075 1.372859156684758 6.744753048077078 0.9392770777364035 9.880051533183423 5.379984957786687 4.48025567462656
3.3889291599177462 7.703159179214368 2.8516572976700427 8.167340776653887 7.588622180388731 4.415504005643127 5.808330396069491 6.052814737007738 0.8681791036256936 5.808474953893626
0.8923960342375203 1.7194252870816917 7.307284703010972 4.864668627521645 4.21496956977493 7.643863976182734 1.6853269315313357 4.957465647644802 0.10527230325836023 9.176911673281445
8.444825680160298 4.267583138299691 3.096413576246533 3.5261119252787254 2.3899507863590284 4.204992136437201 4.209887334696364 4.815494683328772 4.726386728395104 2.5249815239610296
7.142117539697023 8.10351624463436 2.746074472084606 0.04004219738648951 7.309899400538514 2.3595199596768546 3.970122963893028 8.354632899056364 6.877601013411864 4.830664370687241
5.885450626396392 4.887783459256996 1.867504863886763 6.975402631654992 0.5454789879769018 0.5988766438236948 3.2456812397643873 5.196243916447337 9.252471914526557 5.2948463344654435
2.4793112511540327 7.9736621449650045 6.298873051162199 5.1724163784379895 3.4773766766183947 4.684660013271404 2.3172679976180843 7.336895137442808 7.05516551151381 0.38363955171953346
7.1733509673138105 6.4394350956926125 1.10404821972503 5.129866059626376 9.53355679488152 9.287552336986444 9.501496939715379 6.064957263331533 5.248771386752843 4.309094555725997
5.462337690358213 5.375468568329684 9.517806377096498 4.087738245278513 0.5107403851056791 7.519783988026125 8.429087650685748 0.8384801465088998 8.543464982825132 4.655168480135117
3.9262738500438497 6.65448788745319 5.558400787591751 0.06996880409181117 2.5032843340236166 2.6320554312928266 9.538450370136045 5.607602838901857 2.006483451381901 3.5683080249409436
1.7093226517279836 0.5631049299738455 2.8065355616090795 7.826687065194337 9.930821499824741 6.339647035546937 9.29970463161739 5.178136449001389 7.33472393504022 3.2715873658441974
5.208145365587026 8.951304674644806 4.488366437303287 3.45224322965226 1.4709934602716612 2.6629662941555967 1.3415619105786458 6.1487260853379775 8.65283068693147 5.450255711328151
6.005500409875285 0.44281344229292197 6.743361778677058 5.089198903539668 1.0157877230966883 3.105976791422381 3.9819148139511618 2.1594197998302467 4.147802169867409 8.39832389753344
2.912631554545515 4.002784643129186 0.08105801841172267 0.47535322476803143 6.260987762966966 2.5241447512909456 1.2502877045092509 8.393061266827006 7.419544447679707 5.595219443687308
1.0744604398506208 8.321082070013272 0.340600872442951 7.848065409521147 0.42098086180576977 7.50518135879407 1.455680838219111 2.9824522205551487 8.640819359679178 9.764563628727437
1.876554276432576 6.361869811555792 3.801344820236219 2.8660976886437375 1.5797575072274561 3.635774004875273 2.847144823400334 3.98670072007397 8.536344007081304 8.40107300954141
1.335136579227092 0.6567662228833449 4.820862616856488 9.503744010872767 4.118782357640953 1.071658009403933 8.618325529401847 6.481863259446471 2.897245492506525 9.464935298201592
5.74519174096867 9.864220120023417 3.8988314623894436 9.356115343367854 6.810163214778222 1.5640809979989956 9.134081523060555 9.917417233688047 6.4628482873195425 9.445553253564412
7.632394089088482 8.448075280119717 9.313121587839323 9.290395387845473 8.867072826188387 5.001448176582799 3.0512678153514097 6.856009910427448 9.177211016072928 3.5792902558461845
3.0587653944665947 2.490738777829743 3.4108355826622203 7.989197245573216 4.371833837529998 0.8604850987644663 8.242257332129391 9.455369650700657 6.244629019442306 8.741061399694285
0.6575808293894281 7.379488159070339 1.7562418515609868 4.543566138349801 4.955850245801766 4.267629438660434 9.915417160602383 4.265472832084473 4.279317558798125 0.7707928478599557
0.5391779248193018 9.898014106883133 8.164838717585644 7.030749527263983 2.8163025779125226 7.970826667199572 5.899417355884563 2.0795659765078844 6.913874017251925 7.8777199057041365
6.566432528478467 3.9102967778807995 4.244878279477381 1.9028155815232606 0.5851002166724373 9.017975179048815 6.087100478128456 1.4542028355303194 4.274237525313542 1.7041806751160071
2.1283310804886604 6.912637790831666 8.512408828679273 0.24509451772786406 0.2101597655453047 1.7157106693856972 4.92005666800152 9.142100455566059 6.052398143952819 4.823296055941371
8.155226710309067 4.10562394244546 7.0624451768190255 9.547984270454409 0.8930192232648881 9.16704954694058 7.468665467082987 0.8845946152379514 8.849909948457924 3.3701922013909034
2.964122901727624 7.935750286881083 6.817603019901349 7.862937543377054 1.806776106177711 2.8058934968139693 3.0870902409318655 2.891313803624822 5.8945049865314445 2.4240045987230427
8.872110098504836 8.19239176816726 9.718107923434985 5.155685064716318 1.3822130970048907 9.589052641218526 7.292671744249876 9.778147292361318 4.049158361000056 9.208803492599568
7.177481868495821 0.4170539657654071 5.07637568274475 6.6804641383091425 3.5169084424106813 7.382032061092977 5.959754395796734 3.9066800425721384 6.6694666131361435 0.4880828727544717
4.919022278475923 6.566872632497872 0.4395175604629886 8.412995650089156 6.282505092030402 1.3743622737456629 4.185839881348966 4.916268543252762 5.784064740733638 9.293048926910306
7.153569585425636 0.33292450749420444 3.459535379364296 1.413177215058401 9.260769238497597 4.6560069390364145 0.3709877987235821 5.99234747506096 7.268155351595404 6.734425377437433
2.740672165510829 2.287079475413467 7.770276034543134 2.638214533073957 7.24250158575217 9.23187208564866 8.768700434195239 5.081161541587045 4.177456667046555 4.766850989843712
9.722542061277293 4.941143878538008 1.0503056314845172 4.671724021489534 5.918907508513471 5.381414814001012 7.668549601521656 8.132918436911204 6.765626418359972 8.851459449183027
5.3005235117453875 0.9524033913709473 9.180885321768939 7.333939391747016 6.65808853071144 6.30085037856026 6.63914939137774 6.604633092159371 0.5103769265743896 7.224419124643497
1.630029965735612 5.98516684648235 4.588563983679256 4.733598744093235 4.296509868147212 6.093726071179011 3.1076520702571866 0.2341767137008588 2.841218512971958 8.436826943855602
0.7097735749924883 1.30454544288936 1.924197343310411 2.3356138373534776 2.9245320559330104 5.3801998337284305 3.722879885124769 6.643046034612604 4.34541754301141 6.775417013902263
2.5847606416035274 5.983722517276178 9.63734758794798 8.653752864202245 8.2755032396701 3.8359852455768637 9.218898723388648 3.053129661178388 4.709997911619087 7.676335118314799
1.0038156957468025 8.87792600945449 0.7511477749855799 4.619080437904399 1.9398895631351498 9.889629148053897 7.170926071635187 9.509532044843361 8.249325949535514 2.159242368689153
9.190515208692204 1.2669490665096073 1.2532268807104674 3.1887838014529315 7.151098208139541 7.423828321222218 6.453835403340193 2.965855283780814 8.814149648723738 1.271023151347267
7.151700032231261 0.584397706648011 5.549825394988455 0.7935678684246228 0.2909386147342441 8.746392111490449 1.2443254415096083 3.6699717808137944 1.4542914756222958 2.4534037595157763
7.141869869206553 8.008141625960695 7.970671379155938 7.503511332820988 8.034184512979728 4.20397854193472 3.951435467309671 9.028299409817922 5.220170576221541 9.33408770532904
8.737613708524991 0.23623458507029294 9.48068922570098 1.8319309646080029 0.7188545538327717 6.772889456406272 2.9481619855695262 0.8471380569668807 1.7758512136204974 2.665113600264358
2.197950852243479 1.6505902802965855 3.7015386243992356 9.685395524132218 6.148251734719363 5.72327423277149 6.8723612394928395 3.1542992234638447 1.4274948452089853 1.7547988059572406
3.169427155334885 3.692997402923315 4.753016735452842 1.6778545654954258 9.690383434912558 6.244569737911931 6.562029486024667 4.077791688977168 7.1463590399238885 4.801866400347917
2.6456827789085304 5.8418748255477055 7.004338795448825 3.711386043045617 0.8592760381965447 1.750672931608589 4.41385085810853 4.166755068566768 8.116447050208695 0.8644250490324512
9.74785768074433 7.562031582890717 8.822426018550381 8.020118630876734 0.1912667129451351 5.744205468649193 9.66121060043384 8.530405715144232 4.226482410201193 1.8859025592059353
7.223786617880718 4.263371301259146 6.093943394011979 4.693437427426375 4.34927713212628 9.682564551141336 4.346603969069216 2.9720114677968446 8.248176829797828 7.1395853103852875
8.470829449811541 7.1889797694232325 8.48658715774402 1.7369178135684327 0.2121971625523722 9.607762116290385 5.732637926896487 7.416588561653072 1.723206623228738 4.809107543663297
2.801044706810237 7.580617249444051 0.9409165066396952 7.973064302691312 7.979018086321461 5.512121720609979 5.706050071419096 9.164148451405536 6.876502735453196 2.1413262135553337
2.051112946445505 8.043845791470583 3.1159981566149684 1.288615574141272 8.813595153636253 4.928717694811404 0.06196717079672509 5.417166071069646 0.27133883166575057 0.9190284999083886
5.487115760217739 8.140574450329648 0.8506686239830796 1.9419479543739615 8.582583434216097 3.256299416343574 1.1238992282786464 8.985026158912783 4.041354947026353 3.9136207000934062
2.29135044797385 9.539774236647974 1.078968579669085 9.675205053156992 7.134012749265447 3.3318320746701993 6.202860307012053 3.6942700311126586 9.026526240560155 8.783336798339949
7.30144938934417 7.0047155140836495 7.0161472105427025 5.3347535847965055 3.1963401496004784 2.0094945577957466 4.201894979886066 0.7475649430350928 7.185770978445979 2.652874075882752
8.689088302992849 1.8158602707229798 5.304721159590393 4.4751397070109435 1.2479911748613304 1.534004077056239 0.03683721993542055 3.7736760136526915 1.4713090454760724 5.699205425712291
8.035616231584427 1.4322562391781513 4.703789493579437 7.171948150179514 6.047046274445872 3.6307563405436003 5.308196794100001 6.573885232535663 2.6731669241344456 8.610408085521822
7.9354472308732 4.071940389242405 4.875783057733544 5.945085870043489 7.382704455043035 8.07899716186305 7.191826929440307 2.3570229980268875 9.351753888633368 3.195704822898052
8.516632005389175 6.015738518186881 8.960987072050452 1.524559437694315 6.008644647043385 9.471843211126028 1.217845407851349 8.606570834999152 8.178870402547256 9.902793545345833
7.824586040056566 7.662456731667721 9.550609394708445 4.185542292096228 7.668749122261859 3.5644534683827214 7.409809140092839 5.4614324512026355 4.140723382650716 1.0214701327776121
7.113624336824263 7.321569328000631 1.024318090133658 9.829451493021704 6.184537961352435 1.5162957871859772 0.12226946242750447 3.720460205122108 8.989667608778536 5.180284465485288
8.007122289694525 8.338126928890121 3.1896424332981033 3.965160568545355 6.328945742375193 8.17375752942818 6.338704494120039 8.184443598505553 9.964854217151563 1.9165269199206802
6.027452313954477 0.10100273078165856 9.961325147778773 0.6028317016433116 9.781911909446166 1.8251018082271386 3.698814659159396 3.194012021930562 1.567383558148765 4.941503300951924
2.999193509436803 9.768294599951417 0.19278081054364016 4.946992083577916 2.0000390844238067 3.381951428365281 1.1709408603567018 5.855066975397161 0.5358327750233727 7.836304050624864
7.662656061086988 2.912445424922554 5.494630351787601 0.08135105938146037 8.016935600709687 4.272408570661561 2.1597905869813716 2.7934298880521133 7.117277067742566 5.682912063085781
9.899854975736531 4.783471983380415 6.253489594688947 5.772775070576519 1.7356975843306677 4.324042951417423 1.5608816287091798 3.3571489276208597 5.2925708073404945 3.2275074061933404
4.203381673240354 2.33386402619002 3.435694270062574 7.56429311119145 6.4244380131766246 4.205134214136147 6.491545383224562 4.279374877466129 6.349301607877056 3.0344999965445174
4.3730309621725585 1.6467338131711207 0.9945616837628934 2.736771576873138 6.155228255730904 5.4956918749388315 1.3255747404970508 1.9991325436986795 6.68940483067097 2.4496619899424656
5.399686522288777 7.844448149110113 4.696540803697117 6.036992831778084 5.642918032686774 4.873218438571617 4.447591354641824 1.4652295609060562 4.130047641502844 3.558505415811928
3.6162437822739415 0.09425226588462232 5.372790968743628 7.618549430336596 3.180939789624869 5.200393210070394 9.56804094924977 7.454690195838094 1.3564479738530721 6.492776621188404
0.517903442798826 3.917588906495081 2.4512887127922944 2.0247635056302493 1.5055201984794797 4.252643938565832 3.275827527975764 2.637525829068943 9.295444585814131 9.975881404061347
4.266868926515289 5.8794149096347015 1.124596466072656 4.644494537502196 9.848100979763894 3.4639284665120695 2.059591608095835 8.011592860064669 2.711752097471819 8.760721988592831
0.41850027233944154 1.8926147517006298 9.685340801342914 8.55825308376268 7.089865816849176 2.221250255665068 2.638412188373401 6.393281361665034 0.5290689744868982 1.2356057006089793
6.487674613153217 3.1115969703814415 2.971894511887535 3.51073802054904 7.77495798495644 4.005982089584704 4.977424339777831 9.64157317394884 1.52094121929927 0.8715556030173044
4.797141821200293 1.7806167971631481 1.0986013166243114 1.6252908209866013 6.264400025950108 5.947753955654531 5.723861390083447 9.75563620447213 3.9081742575452205 7.054825284213187
2.826923371205088 0.7998088113512103 6.817281862962315 3.9255592329193445 8.046290504681615 3.29047545361965 3.4160184698338627 3.2418288963416897 3.8785015415427004 7.170166758712366
7.759426251570332 3.310093853999281 9.12010977335772 3.540926340376991 4.216177193993201 0.817276629963668 5.154459129880652 5.79831881816839 1.4793144319000529 6.333216643176755
1.8643242697615592 3.693076514970942 8.729866017972672 7.217230393714068 5.492498932145749 8.67029883361759 6.4756099491775965 9.799203591272558 3.12592575930565 0.9552570907269531
2.097030334563067 6.231026479853252 3.6449874239335145 6.286501713380291 5.454778187369337 5.242074734265987 2.9580847543693 2.94111013558168 3.0477080024228655 0.18283455267108728
2.132646770506649 7.753549486355368 0.15783254117824552 2.2036497421610726 0.637235966307681 3.198772693959986 9.17830029272816 1.1909750968346677 3.325421308102406 6.2918089141811535
8.892768704852115 2.171393105164653 9.020615252020498 4.050241625409505 3.859309861813376 0.2940580940170179 0.6020780285402239 9.572620270554518 5.249250530663053 3.215111480622619
1.345815130784489 7.4049814974762285 4.5011148092240845 5.733005286362141 9.940106149803551 6.79930081041671 8.97210796693834 7.861567142518091 7.073918384714669 6.711839297673565
4.4043331657065385 4.178019167652773 9.787476571185916 6.945983806758466 2.4702137322516937 9.246068234332755 5.877773763820494 5.713325594325144 2.921347839130722 1.18956053919558
9.56782413500681 5.068359285456175 8.937294392777646 3.080098649487991 1.3769757677134775 2.1663276247673324 1.1555498646444196 9.702396951726264 9.670614611074503 6.100374877200023
0.5612465972374203 5.474051443916686 8.721110066240808 7.193314909267231 2.9248645481312527 7.821785882006119 8.277861188546549 8.050961054280751 7.798514508968014 9.154126742337228
2.6228300328744147 3.428101006496962 3.2161211059850303 9.720853549802158 2.8789496346502275 9.014845802312665 3.190092111491327 3.1124569251934755 4.942323047403571 7.6202226794722545
8.85683135884881 5.928232106335258 6.825136830407911 4.911514426491877 5.695717826503365 3.2295223675121685 3.42473107318501 5.862000609336816 8.630936815732332 1.7950196016613684
3.775285195590874 7.366385428426057 4.022816254469421 3.907919697077742 5.692089604422501 2.1023432984294796 2.5650876944994794 5.430121662274066 5.384394956331679 3.648257780605663
9.926754849274296 3.256545023612124 5.091342708701473 3.111355245277616 2.61201895208644 8.893041447061911 0.08649505398516277 3.077097330803271 4.958977713188287 6.864253584818819
7.500002805104841 5.559814683738264 9.457579792390698 8.933176887414705 3.3234596405571084 6.81622131425545 6.639575755430295 7.702061911763398 0.6910123815949643 3.377581596401442
2.6779867170805174 6.06469051301336 2.0713074575178005 0.4629444590828835 2.530859051373243 2.1929498616303187 0.3583730882382241 6.054999282820354 3.973856512759223 3.2660119866846014
9.015550819802082 1.3517511017270079 3.18849265732997 4.988329588903708 9.405104550857775 1.05135011817711 5.707584247844978 8.09303678721007 4.227153960504737 4.984052700039538
7.466758663226722 7.490241410715224 9.595092753755507 5.974431688675134 9.47062960164028 4.495085559313568 4.690664701357993 7.4985953843205735 6.154505365573377 7.658338943540855
7.170395178966168 8.695311629586897 1.9072713090396631 3.122682130792213 4.53608047109865 3.5965795416448696 2.4183485037058903 1.1407280118439456 6.535560688039511 6.062326532684267
7.521395204018228 1.4162176217416422 1.3260144994568046 1.835553317057138 0.02968685732042564 6.267720588259208 8.610529322156681 4.378386750753004 0.692875719855256 7.2645588693584795
6.249719409077557 1.7061438896210968 2.8520914113275997 7.9475643171072905 2.953673061314741 7.305648666122572 1.6301167017645657 2.522667773706333 8.575535746741211 9.405686693269638
1.5656349309004425 8.003215064816567 5.256541302775224 9.361618262569579 3.485308931194294 5.1772891173762625 7.213325879943002 1.722818601109165 6.104722270331626 1.9892096962804495
4.311873068086118 5.670747045985369 0.35897297418256646 1.4497760721312258 4.738453424123094 9.947093380480334 4.785982819649712 5.027704956104947 5.056437240181552 1.135585121741547
8.420343784456252 1.6251075927041525 1.7288763007058727 8.217685958968902 3.6027914475802483 1.7027427085128433 6.790265596583406 4.691550313475588 4.870165748165086 5.896167730403023
1.7669102384780166 3.22524447922115 1.6629750979705293 7.551807489364995 8.173839567680108 6.809380291898687 1.9724546754441596 9.012345462535157 9.957228210761173 4.6809554161589055
1.2462716217812775 2.1937346124083765 3.1047930274152225 0.9093254807609252 5.881793116017069 5.021517694229306 0.312658953902194 8.466882597093756 3.4581035896995016 6.632033367601076
4.07569524911075 1.8511497830816892 2.4927206449333497 5.89447887154512 9.859343875554925 6.881643386678746 2.9562248012848693 9.77268914155927 2.1144743221010067 7.163998012367524
5.037781695856366 0.32088038398924823 9.812817807956435 2.895483845772604 7.726808419685755 1.6955043041106577 4.909045534430993 9.180194613233763 0.6607910233733583 1.4657386504734693
6.676575671386487 7.828816200660599 2.386534075308282 3.7180420635283697 7.217705836859022 8.737035610890153 5.691884512644444 4.975580505757941 8.614685809147446 4.368281102259338
5.987239514713226 7.79123559312146 0.16685807385363627 3.6106356171919862 1.850912214112611 1.0232817266769367 4.950014368933314 9.334395255034787 7.799697341873769 0.2657241730643911
8.537625724295545 7.345893844373748 8.10573975696957 6.6806664956262685 9.139623056547062 3.1148506950569113 7.05308116147028 7.567979916740298 7.642922806150097 6.646640432626123
5.41201911691882 7.407926844359451 8.07890039000402 5.177524285263466 5.106682341907343 3.8252871980095096 3.8965396133152375 7.990025030976616 4.060991986204413 8.948926671822123
3.085992728788166 7.577261993722814 1.0304398450840668 2.9786349959168135 5.6758084173697725 6.629213035453967 5.861887242987343 3.421451837763392 0.4180954298165296 0.8705006207875887
4.070846203248067 0.4225913513005375 3.5794097279211137 3.6484479222237165 5.885476587601948 5.891468318150402 1.6711649659547057 9.351787741133014 8.978793058539603 1.7112118816724387
1.6818834677947714 9.234545750227381 0.995348427163959 0.22045312787445148 6.91461958570188 5.0262660283445735 2.67591569477178 8.369056242697274 3.8864061783053483 2.8288819846461077
4.893466236730904 5.474857836106604 5.912584357999336 2.2321786302294844 3.236002733768124 3.3463664942978033 1.9773980893107035 3.323933959006461 1.9065688707833428 6.6867685602272005
5.28324900034474 7.327464221208292 4.658030798332458 1.1574737346276787 4.4745204987367835 4.968442629022088 4.2399803198263015 6.2548253184253335 1.9478979849506572 0.35449981557135524
3.40738845152726 0.2414947830476144 7.889628860896698 7.145252987181192 9.925388546547783 4.774462019189424 5.72117588220575 8.09705631717203 5.201850480934109 7.58438266764408
4.488241804774126 8.685899845911617 1.1891559044447175 2.5865303403140185 6.394149745857106 0.4435291361722593 3.018866018008537 8.141389196653023 3.1570878308101538 9.885997538769603
5.467725169195768 5.833370638289097 3.1617330637940757 4.470502813442129 9.80072193373194 4.099008510228474 2.4792960913454953 7.885498980885305 3.79668227008106 3.3113902349705637
6.746032259288187 3.1607193593038474 1.8341462672715447 1.515457582238573 7.618790246542395 3.5778842027330784 3.8000387831527527 2.909214681089817 7.067178105901164 8.16950470236754
1.2809108191711371 4.378762046988209 5.115447256084007 0.7123435749421847 7.006296987090083 8.920471523937197 1.8132052015839706 8.5537219865739 8.835997889300911 8.621504885172746
2.192588815654827 0.3530153166752936 2.717859723878914 4.020270614155307 3.760542386719554 9.877310060998731 9.989894388908498 1.1313037362588163 9.678360816494866 6.359341983749793
3.1603458535926467 2.1944436827266234 7.196674494917403 0.6074729948080348 0.8715716759828507 1.296077724357927 0.1425684625253354 0.05160679562796977 7.138378984338414 1.410604764399821
6.296541376050616 5.215580377528973 2.1487185901038988 5.123168149178536 5.3505295013901 4.725714720968515 1.9244037846402418 7.320094869191481 0.8042334627565217 5.896842523391813
1.9617877496232372 4.471371470430759 9.635502996615237 3.1812771692086295 5.6071013591192145 1.7798719566669552 6.871548106258003 7.3228222025533825 1.3684158073204222 6.434952886077074
8.291263622317382 3.9270663254562965 4.62595896331783 2.4834107322241605 3.4049685604297784 1.3408460493815944 8.274785550489746 0.4186979642277133 2.5863762999599804 4.227899689795512
3.7185605466395577 2.4896739906363017 6.77262857336809 1.0343782391870937 8.33048554971307 2.9430681703825003 5.501740935070696 0.6570176545344042 8.007159732244302 0.9392157792463851
9.222824837917084 6.05841786994805 3.7634360618374596 2.7185194634513596 4.79296363804105 0.31801699017900087 9.45109687999339 8.746483395981741 8.865639589858066 3.6639839070128133
3.631438754058345 1.0280510688539946 2.4791209831718577 8.400402105087105 2.391623554918332 5.557376333913026 1.5692362757671974 2.3257486057858543 1.4669161979121215 4.957041292450906
2.359477638893254 0.23281806717213582 5.415697164894061 6.761127324880789 7.622390206718752 7.386884238957166 8.791402350863423 3.5094391972398498 9.659721166608078 8.498024346884947
9.265307972403802 1.845567095686954 8.514817492368561 0.6351827766818396 5.476346025483265 9.14936863404085 9.409275438674479 8.773677963709263 3.0188990834079177 7.884835381671086
1.6868639480773262 8.22451386781065 0.42678968149035823 9.807210691389038 2.651255802424254 9.062980450544577 3.2714460140464174 4.4486001836978195 3.600117791149071 3.8556811431073834
8.564488893413074 8.88922649478228 2.0866287073314926 1.4792596278921555 3.5397547245539496 8.72184937799727 3.9805055091644537 6.630740772943437 2.5870299862669888 3.3297829187299763
1.2541370595829016 6.748541421781821 3.61954181539054 2.124315249274449 6.585438516280263 5.494844908108613 0.47951335267383044 2.225241279104867 3.847556181832723 4.694178768547484
1.1208595747629801 2.218595684000506 4.3465678198064985 4.6796705834673915 2.2553619554735382 1.0885767101448018 2.2718391837020544 6.367599024370963 9.908429349022715 6.196033711888905
9.23971230127558 7.0625006619073165 1.9028175373662493 9.263784493810231 7.039718483450627 5.989230291685329 2.6734424233422684 4.729419654009988 9.733523124227288 4.855013896535876
3.0136900766062102 0.5391414183734111 1.110323701991136 3.363673966316021 7.363395236917318 7.481574957843835 1.1684445830117862 9.535850912089966 9.07091727333737 9.49838014757858
5.771376634703947 9.93317877655031 9.696518045590636 4.058883989381618 6.91753651253753 5.4410174303452274 1.8715034053887447 8.648842814603997 7.166530004227347 4.133487119786272
6.487361695476654 6.69883442719731 0.6807186477721971 3.9261850584842364 4.061394710648361 3.8656733867870074 5.069410029128924 4.216109489492479 7.010103185104791 3.4806279837457623
2.764000935336388 7.514956255123075 4.2588559409680755 8.191113599732684 8.005924668755863 9.201092359205719 2.126134158119645 3.3479254515702825 5.695261899631748 5.947152228333318
5.7429111306767435 6.527962826331114 1.3264012299542371 1.124343437430838 3.4024935255968467 6.732789215286052 7.028136160116821 8.54118881573704 2.183410020904403 6.266266306774838
7.329116611565379 4.243572582118411 6.947708732541711 8.0698823841451 9.685576107898742 9.784599771564151 6.389281916196229 1.3822941167582659 9.03677962555847 9.36691519431079
9.19160470696108 8.989990144740807 2.694648167701803 7.566774820429626 0.5515428104614717 0.048869563003519634 1.7275324705035755 3.9682979442541564 4.335646123662614 3.481926288453736
7.664127684805532 5.967970189086397 8.95761316289359 8.296117206404158 8.822029231622285 1.2536107438406918 5.7003747778867355 8.811883733168411 8.856453384553966 7.018655623150254
6.6535143215751615 4.76168480608867 1.2281564714634452 3.8417465323120337 5.696503454094533 8.48929489958931 7.205604326441658 8.343263423162076 0.030501496944436157 4.069506031933946
1.7449589263417908 0.22457137347780876 1.6462296496387774 6.068264114446926 1.132464100174202 6.102396130908998 7.812698675133888 8.876167403044718 8.62733023168629 4.669887996002351
7.1813322522748635 1.0736324619983306 9.509230193819826 5.147561306096259 3.42229657710729 3.123938476619582 4.913034597162475 3.7314562435888634 1.444611029465973 0.840739416781503
4.624436336187885 0.8024911418784142 2.198877041948921 1.539530011318263 2.613617939105265 5.0301288727483495 0.8212365732934379 4.557943690684578 5.500145669044979 9.185112900650074
9.449425759795288 2.917642780335253 3.3707747636555787 6.470171305883205 0.4265663120956398 8.300965168597688 4.412880539647781 5.484231271366103 7.805594721106197 7.228367809486772
9.679731319793985 6.554821467692791 5.076995797268358 2.348110291202765 1.9698493769065106 2.1049840849373114 4.864780852619742 9.087503025196126 3.281207366856992 8.96515808911347
1.9704024409718413 4.565443429721211 8.59203472802459 1.0971356927211784 4.591577810845475 2.6288461191089754 9.823519683432442 7.066334426364297 9.802747709427848 6.150968920854806
2.755703291457461 7.7802692211362645 8.456168372015826 5.317528390706167 1.3963901837602166 6.505245406781795 1.5473996414176905 8.526881463862363 8.84390105446061 4.979941932914043
4.786216102983553 0.7434509392675515 1.038020054901223 6.563685521544072 0.6237353636710508 2.6689530497803604 9.959498170865892 9.788863939441297 7.3088217403285185 2.9338852098395996
5.816993302341488 3.431064210368977 2.681590911680426 4.662114199235921 3.551341993490417 7.267163526131371 6.3591051228299955 7.224302319298346 7.59057193685819 1.0607382189549341
7.728116164985809 3.7712956672035536 0.20508401440419655 7.995802986061897 8.731975347852929 5.22649130451528 3.0409444766809344 7.774024917534344 9.823601087877389 1.8165896577527407
8.450242629233674 8.897205914137299 4.653652753519193 3.9330301971770543 7.090992605478304 9.275959712092668 4.072833245229254 5.141796334608795 0.9350618907918851 9.237158441403398
2.849502640497451 1.4971723769466638 6.301135648546215 1.2468568427573068 3.1385504747318738 2.965415937172703 9.820733458124632 6.2220476714523905 7.184747390020711 4.72721098992985
1.3488168881642892 7.173741394775188 8.003550398869901 8.403149382096013 1.7465379574556672 7.105500767120999 0.8546148803084108 5.834381723465997 0.19219428622314183 9.585709357891549
0.20801998736082017 0.9509708638061021 5.2174755688234695 7.218482957531077 6.600489187449865 8.473369629933739 6.019597772443687 5.357282590973368 5.288647523953205 1.7178343655024053
5.765940490270736 5.836923650622532 3.9286243786523665 5.614481259166 6.586314995739117 8.243817986381526 9.646078474666611 5.1970752843389745 6.7390091678849275 4.300926313524624
6.80798343510303 4.286541757194403 4.040269857708995 4.3130362753248335 5.567280070063454 3.865571242982302 6.062899104219371 3.2996295922819643 7.823768253248305 4.729586163039027
6.838154459217436 8.43673029024065 1.629373788954882 4.399726196986229 1.8361641845855758 8.7357803251703 7.263196428746721 3.996399122339583 7.853576916399664 2.50671715685975
8.211501524706527 6.797334981132906 2.103187282553942 8.084079439113259 8.110096210822638 6.541972175038215 5.278789923879867 8.539096094645329 0.34128544110997194 0.19439635298933777
6.659533476450328 1.657366673347369 0.4248737666546387 6.839937976810586 5.4215593177949595 2.33087294550249 2.6024460323870944 1.665934731566543 1.2407260537959663 5.694703406213016
1.0864204927418375 1.5650438314271031 8.99873803794785 5.833018548371994 3.330139213857064 6.799891909302502 6.94600811393756 6.685417964596693 7.372521590933321 1.3807293326648218
5.0281057102602675 8.90401664068076 7.820575691234385 3.333154970226202 0.2486514242743909 8.843175299605436 5.355327015047243 4.87086669315573 8.920038131261661 3.6079701178964085
2.7814860427909824 1.6387768496465926 1.4443760108815462 9.144132949307187 6.588449805560922 9.65473176254163 3.870567397324903 6.721323790849965 6.749990366508207 8.353459419008221
1.8894429584999328 6.843248375867659 9.062251353676519 8.2242615556065 7.157397183902679 8.612268672277905 3.70444166339877 1.934355903786401 2.8799820380470664 6.882794904051652
0.9038785377378256 8.542667559355253 5.440433693957905 9.15688943402053 9.596797711305186 1.4342567811166518 1.5241170091483192 9.1071552972271 7.798614881005996 1.943461310262028
5.668396855347848 3.856117011589808 4.032089929802476 2.2842233411059967 1.4584519294761478 7.697950570368848 7.609106128915539 3.3689600950466003 0.6930714667914473 5.817549860188832
1.8215483863542425 5.372729109713185 8.760479902786681 7.743568531346271 8.16902544955646 1.4873299367543402 1.1927639897665798 1.7662054663669957 1.6359474955421816 8.210372199558343
5.908477075900538 8.357154045834285 6.727739624079375 8.727234241038914 8.006525356519013 2.7482653958756096 1.4857323810819834 9.469223182391627 9.140445030150802 4.25712454855637
2.022538376031411 3.769144295847683 1.48070288382662 2.691875705425486 3.2544920170676237 0.6858670047272453 7.0636631109463135 0.2242715296004716 2.4549894729184265 1.532379924903201
6.929383227322474 0.48906637144024545 1.012337851558307 1.4172048069711507 0.8664130214093502 5.349511294998983 6.347982866588451 8.196938499837524 7.8102905836075305 3.7628489558036646
0.33575291136294316 6.638077818333211 8.983440576497108 6.486348785051711 2.760024792098359 1.2991774076230633 0.7177008083577952 4.983561302595425 8.360473294886106 7.669773599916732
1.5667129947583558 2.822114843856587 3.8333471033154156 7.4404106368483145 8.793934093034736 3.098513940959414 6.793963550117464 0.4284789689445401 2.61303803974498 5.9820412450676885
2.1523912002937884 2.6474845049763704 2.6609909662232214 6.339007807662825 2.6140506013434472 7.282742484217669 0.10010644296783666 2.5802334948162953 9.089229964032526 2.924391774524233
0.4738904624095852 4.368780423181783 3.68027630605283 1.3090074730046097 6.982517438411508 8.631607430448069 2.6124929396137606 5.0339885097486015 1.1972758947763806 0.4379461860640266
8.984532933085971 4.234278851986192 8.399355322502505 7.738849412494676 5.536351999345735 0.04887791366512961 7.706849682529636 6.706492762281782 5.767541867016796 1.854986436087599
2.9448730697494074 7.46846307379491 7.686135781647467 4.710518418935275 8.817199465585496 8.401394689471166 8.2277425865321 3.221107466281933 8.353850992455286 0.8299665210029228
7.957130509828679 8.13562451927867 1.8375788197772402 4.971407737393212 5.049147676943074 2.3746094855749202 4.453190721551829 2.2722998976606137 4.743133027810188 3.9089194775902736
9.757204134857268 8.903607752216033 5.474733532296851 3.9312775608538644 8.7313057169272 0.1115090667169305 5.711316562664857 0.10130251146158287 9.661630446914454 5.365733279122288
6.151922283705566 6.294987948385912 2.376872831127963 9.803764800130457 0.3999734864023441 2.252493094058048 1.4817699481497981 8.33839770249825 3.4767246838665145 8.793490636026831
7.138507103382601 4.977782413874223 1.6156950653371194 6.857217876778364 8.677112463857878 1.4012311667840749 8.663099409885106 1.5247615933266434 5.856921849135351 5.640702949612604
4.106553587050073 5.393995942607871 4.954715419353185 3.8370170486661195 5.264097396787105 9.202991707447488 2.02113570049724 5.471497935642851 1.4878469277890005 1.4355937825503828
3.6255202770088433 5.217881530057381 1.371347334384131 2.793269436283957 6.200290674459819 2.6159629261904236 4.896969534707961 5.880203543382313 8.699561699548058 4.137604544319762
1.2194533985704592 5.224023337137394 9.70264359483073 0.8973589459242381 9.35397294052885 7.842414523503102 9.321631858679671 9.254109229563918 3.421857698930646 9.966286196200201
8.313291591975322 0.8567653251474661 6.304374495112955 1.2430349668986929 1.6489586201317663 3.3061943616843226 5.564737843183759 3.7688414782777837 1.4621966140266618 2.537209385523508
3.320782572426438 9.636831524288853 4.772465612110114 3.2685742770400683 7.3854988803720545 7.338318813893194 4.674069748153999 4.425630426822496 4.439895670788838 4.317242313888001
9.783172833729628 2.309285169503581 7.262421753175444 0.25329440032471506 5.6516788699416445 5.46674563521631 7.111441802243348 3.2371340055883713 3.585300222510166 1.7135233893748847
9.242031768090518 8.901466386482698 6.844140046939362 9.562874097008766 4.235616706525095 0.7846595315474447 1.5576403625712298 3.4379752994358426 0.33074973539614083 8.72896253378623
9.851759418185859 4.473790338125076 2.265587210960336 0.9532797689369066 5.664757313693094 6.459704688171018 0.27738712697595536 4.590842995882758 9.518983219051645 9.530660220485952
8.851619985406346 8.945016303153684 7.119579605524049 2.5836569229005732 8.573048872495336 5.491863928527298 8.067021853639 9.078129050968544 6.003399107838493 8.74598975105944
5.198945643699984 9.872844725264757 5.895005961566997 2.5065615687147504 2.11770844080013 1.0586201730034162 7.247093360246504 6.713313956298718 6.313667262476023 4.36527586939248
9.721099907780824 1.1677192906322431 7.9601561713893325 2.6529086065975016 9.753739427161257 3.7124041870466007 9.934670043165463 3.2416882067341835 6.3412425088308835 2.1122824184256492
2.9117749773160426 7.391031955640008 4.915498116677996 0.8437624211729222 0.47677814464250123 5.108151051292779 3.9925719900396794 6.273780695644017 3.1252125205668566 0.6475991994734553
3.346351787954057 6.298302990074493 6.7417004025588225 5.557599446819982 4.3448294870532544 3.4103223717921596 0.6927787361646842 2.9355635363945467 2.783800328564431 3.3802809956100974
3.02178536902475 8.67435878508986 2.0625183706175223 5.257222711581591 5.399919458773775 2.912517735398683 9.868122897117754 2.2368861008375296 8.466104359085024 7.645727563415647
4.670406122378483 7.093327385537174 8.97930022956392 4.513577493280575 9.275763892103175 0.33356209733061526 3.810425183850893 0.14467761316678707 7.448935958482502 4.010096453276107
2.217062013246479 5.124914308142785 6.183407754667441 9.214119096606444 7.0726424166469135 6.647733701493567 0.5861075373902402 0.6725075354714438 7.762814615761281 4.211999119593743
0.5393066542281333 7.584695842714329 2.31522173113357 2.3520980219982213 8.312387615686937 5.8608447053806625 3.994924540638082 4.31662172845993 4.118417245466305 3.2606389190109075
8.076225573374405 5.856079315891495 2.2452193015283886 5.5824335585966125 7.7926659802380485 8.836746277718294 3.8379189647605108 9.015358506841274 4.570477781314551 0.26689146882127646
3.6696848835466 1.0423822118730253 6.566794138590531 3.5032665408748977 7.309666701844249 9.870223818366064 1.2624353822148804 4.899880058313588 1.9818911083719348 0.26239785389603476
2.4001020569442213 0.9677224170829557 9.106145173848166 1.8645627041317825 8.912324212933152 8.233245198785452 9.021635237356977 4.636734501034576 3.649528557904019 0.4150423478017362
8.716488789862522 4.844824161781716 2.697106072055735 5.282318488517639 1.5209159127815286 4.214336589052118 1.861372742325632 6.6153713406559325 3.669125466990372 4.311970705196343
5.507834868335172 5.057457413657811 6.394851559966544 7.996243665061538 4.351184815507619 5.329047899686687 3.7976090055908216 9.866157904850265 3.0249698469661714 6.26962268774011
6.101568790954471 8.037313881665668 5.299890241474835 4.47879513558931 5.126203625583413 0.28776962329648104 4.673202389579813 1.9476955487981917 3.7976227166199426 8.641333271198858
0.7177120100039713 3.003183916205047 4.351781173693682 7.793866182059248 7.057364693005999 6.131604590377041 0.5155115583624936 4.438569619599148 5.127453305097374 1.8054344484490048
7.398594379993526 6.509110035038608 8.980977344224545 8.305316987852253 9.089848881855547 3.634837098262551 0.31870424196875025 3.711616163598391 8.022488536261568 2.690233262759405
9.649003575014328 3.7337630258098375 2.0587562165323705 5.221129653845171 9.024531757497305 1.852310881512832 4.941114900011342 6.743105427597604 4.1563686293311815 0.36775258769132346
3.267037073603282 1.432890580963363 8.872218928917093 8.381798455158659 8.466705589009301 9.571468115973454 2.8638079291046212 5.48094752156824 5.397694902767368 9.247977246333116
4.459614966366507 7.948832180688969 0.11797766597300141 8.296395974243053 3.762608357442799 7.702952343046849 8.158360694278779 7.212384291479555 7.908655821071228 2.8330596726784063
1.187722229463749 8.885548552621064 9.429802098104787 2.612585773556887 4.3491877746418535 6.382788976423538 0.7476231367906228 9.161160289560604 8.742647179239558 5.731273881453257
2.675377871770248 2.5553943084264996 3.538781067217097 6.674979830807808 2.4736981335396377 6.116752201164033 0.0320317817626814 0.7166278706541929 7.483070870610746 3.8494729207003275
5.574718142494797 2.4072316043174946 3.6473792688033377 2.558141002958049 8.781758053343056 6.808370978169343 4.346295263117277 7.043653871585512 8.655231489986695 3.327688949456098
3.870318104587691 7.957963788468745 9.35028029036161 3.716004524643476 1.600779453101171 8.392123890605195 9.188606430766106 9.914821903037529 7.498145876308264 7.078797380726748
7.22309575239799 5.655909962799718 6.855468784386826 3.209538519453888 3.1668640281010143 4.240014183845061 2.4398431802036944 0.29879081818848463 6.822278796282134 3.7596534042053076
5.123256694677285 4.270687847664048 1.2802878110531724 0.18134878842807733 9.895222816583964 4.0013838669530655 0.10764034930717759 8.165516849283325 2.75310863758208 0.9187834026536523
2.4993579315406222 9.27765227501648 5.3820851346403185 7.943175603524044 1.946077925349533 7.3323201368799475 8.765139105736118 7.046424818106704 3.3506543264514974 1.0118590137739958
3.9046074969708 9.014005063455626 0.725672633209794 4.614596027821975 7.69020480740031 8.613309263228116 2.613292430800734 8.8127610402012 4.614532797483648 3.3033049453945273
5.191105011937048 4.638178340954858 0.5155787253152766 3.864746205632584 3.6624551741858955 5.56420352331077 2.8167182783035116 0.8867947616996197 0.9769417466076924 4.515269504903703
2.8382641613911375 1.9150426510773266 9.186579367609932 4.910787685589692 9.670606226581505 0.24757092337766462 2.815364577780687 7.438047816576487 1.8275137195221058 7.859815695851192
5.504764161734778 7.149147966399287 2.439180702560427 1.7456599269998752 0.8948975559196781 8.689876224797816 6.098113596707597 5.0813008877913095 6.210960652209092 0.9938593798691076
0.63697269936006 2.0500959311337086 2.346699409149756 6.613177623958232 5.09599969939053 7.910714945373303 7.371506513337927 5.007044764661973 5.928674533072615 3.9475846431236725
1.3349823165398955 3.5730358683641783 7.097762453421615 0.3117364879688711 9.002567492452478 4.980737653148813 6.12992772627838 8.441818156516836 3.728116181180825 4.455589056795576
7.425606601042912 8.74916936168704 0.054049273718652646 6.0610684457138175 6.161845556100651 8.55749900918232 4.826988412428673 2.740273478392241 0.9793290372813257 9.90684573188774
6.626541171213574 0.9033338645594979 1.3108350514506606 6.763141306170138 1.1271721276022428 6.684983502777396 5.686873901093785 6.41883881669628 5.647854638468131 7.647012231831534
0.6452775989248405 0.42670784791087546 9.591475390207474 0.6632082642310988 5.975029836299895 6.278039824904131 8.735718277822102 3.99978819721753 0.9406328674992792 2.2181455198661704
0.4094246184943573 9.192210348316058 7.861832139416692 4.08616919610202 3.473194348446722 6.219648640275674 3.96452916029147 4.872884664259826 1.7202521737166465 3.691303828995739
9.772230462600378 4.809277824017845 1.8233758486780305 4.284111211979036 2.473399613621975 2.2303611882265875 7.275944316637695 4.50930021740853 5.678585757385103 3.202806796283472
7.90992864997519 7.0356511895392595 2.772230704407348 0.961626458456224 0.5209190201121072 3.260180787924959 9.66755943710369 4.570262747213243 9.890041706954856 3.592385799315343
4.188983007657626 9.900105748326675 1.0648885596878266 3.006058403727876 3.534956432023587 5.019575941207943 3.1463458720080895 9.813079968237764 8.315246418278747 6.3895706601329305
2.0254752524712725 6.326492746466446 1.5100844445306927 1.8811997479889908 4.524365605549537 1.1055355642800757 3.36469387677256 1.5633824886093084 9.217139811054306 3.8132212526599862
8.711192494004663 7.452017509689485 9.842065377004138 5.367428309925613 1.5008960365521995 8.969076493205971 5.662986137891476 8.029364371490296 2.433551431247376 1.729116429582379
9.398053035924272 2.34865167244666 9.486058006739047 3.4523418846489538 7.406004336606301 0.4721760148261578 7.871737649462984 2.297492321804031 8.705003214941328 8.224233181542399
5.502241278711311 9.714466971703908 9.09631449901635 1.5783913321135756 2.3776851303428694 2.0357473105449833 4.174862075369145 6.666884638821352 7.496634577973666 2.457305689283167
0.33097490700101706 6.311242755481223 4.856063997515863 7.803844243560438 5.982399213878081 0.20824742284370812 0.9024339929031477 2.529834134252431 6.22291474931016 0.3682032277229974
9.398553472631852 5.776978343850341 2.833662900156603 8.177898154005367 6.086896047434937 5.990353255570917 8.175556110024594 4.548517947258204 4.7585668847985385 1.5896290447976824
5.865908561798458 0.009174209345527151 8.378126527934853 5.49840669765028 3.3396874894349637 7.319590173747978 3.767994020936216 5.953856183399413 1.4055579529309992 5.200884575077074
6.022167911758284 5.950470316095164 3.72914996326551 8.121281459893009 9.297522565589675 8.915901634233439 4.810753036864094 3.723965005380978 3.921945003992745 8.773480502065576
8.471899209584738 6.447189543411177 5.862101757093745 8.415158249116114 0.12506775622222022 3.1621442418626247 3.509635578691508 1.7902605911387304 5.173007117032685 4.241965978353711
8.47310844400964 1.309570388843333 2.7689382190663103 1.3756791446242167 1.6040248115316191 4.070910630265429 8.866162999957165 1.6537369632758836 2.8387817234666612 7.531526943394188
4.995376486124704 5.977226010891819 3.6044094806398763 7.684219853204416 9.530238804640929 8.680688476845388 3.514484929716124 0.5383103074264084 6.336529307203639 4.408906006656965
8.872609306909782 0.7631673615472034 1.6474809399153234 7.750879550933441 9.10436137804946 9.721164219099318 3.7676415529728025 0.9096311677075675 8.654655359360762 8.79857207535034
1.7798902106159697 4.774344866277565 6.115941365788679 2.937040427280644 8.81499291725955 9.16175046012994 9.393709544101382 3.574953352668262 2.6403518166237716 8.706550873290105
5.569268102099838 9.827090745957408 1.3343642832860525 1.9060797489534864 6.785785623988513 1.662668184881153 4.635079950684837 2.1622661015608013 8.962102229006065 9.085963343320142
2.1865997212797614 1.3143792628391937 8.429828097224139 6.880383610396066 8.353938138188745 8.118909339086857 2.6927670174153526 5.345966918614225 9.53682535376885 6.408338156652523
5.423714539104386 3.6419483909705983 3.985197840441982 0.24843805841231692 2.542198892428652 3.840167202163034 6.003888895324623 6.314131920490239 5.757744664202439 0.6017284791960897
6.131297880226304 6.916838461030244 2.316763062063515 3.5084750358141448 6.386580134487127 0.6416118644727187 4.857174337125082 6.512464882465738 5.0021678817310855 1.3902827209791424
3.2534003192691143 1.710790841742329 8.193196835188148 0.7771928004003148 1.125363824094866 2.7097192715285 7.462677464085555 3.287010254132967 3.288663673780815 6.211266599505701
9.701018188053002 8.37949777705629 6.83909486271312 9.136969291715445 3.910773113981285 8.81400298995872 7.793209617091402 2.5977497667597502 2.772247234157288 9.866825468714257
7.247626065673227 3.3254149761316842 9.462867829372083 9.827509758607423 5.873306476883263 7.800469145938521 0.1529856582186584 8.18550048924294 3.227045333598726 4.242560826603789
0.4230425540152394 4.256488801537001 8.840920864402525 2.8740266107670323 9.481803938421741 5.64817051773268 5.341481118677617 5.423633099030651 9.512623675277405 2.9280243380967264
9.953946980799412 0.7067581966870728 8.73446808918789 4.131111476611945 9.662739186388707 4.299898274538001 5.836700745869669 0.33378686682401515 7.028138817340363 6.8215230301366425
0.3313862076052809 1.4196051697189394 8.199922321148797 7.137942029567138 8.06414296498803 9.376593208389025 2.0223100900219793 3.931989784747063 3.634337624453016 4.990449801732691
9.290600293728794 1.5039737177226187 1.7976804421690218 2.6361323181533702 4.198362167009753 3.4184738494857925 8.059046305912776 7.020666519830011 5.805086865715312 0.667216645084906
4.610611387039865 5.192920400364777 5.957704307890996 9.387396610442536 1.5301619774539565 6.9114659007455925 1.5153933095342353 6.856448928295321 4.72669700144195 6.549542783786338
2.9556277397636532 3.4784239800943704 1.5052105414800299 0.11653461837519807 8.480414548760507 2.783755291625125 1.8198082718451258 1.6882512316827836 2.5951972185981322 1.083346858568195
8.294076589669789 4.563707183674693 0.7989146405158187 3.349554070795393 0.9098856189676718 3.803974965526308 7.502218993190639 2.1407690798922943 2.9005812952347987 8.45908172539616
2.581871802497827 1.9429605993234111 2.831774782955593 3.7518092324669547 3.08285485511544 2.1706633670869557 4.1127172194279495 5.762647460128693 0.495747098739302 8.251549829551921
7.253501018623209 3.7480443897959015 0.7654351570242479 1.7128564532433788 2.068102795983843 8.124481106551535 3.7282373591698983 6.994581673816938 6.7205446065796295 5.36379702676666
1.0280429413917458 4.833508884329798 8.021218400354925 4.570577731698828 6.728077117631216 9.49375035328853 2.7026796802372957 4.3503067675547715 2.8134240737122216 9.863650139333451
2.5389889280924525 2.72737917010227 2.570450217923621 2.4955199733416 7.1199384059516895 7.3349594561571525 8.432790530357318 8.033830783681179 6.8512712874633355 7.874059319629071
7.299574009890364 1.159110816740715 5.324264676956773 7.927102229656833 5.560077472046928 8.16895758145951 4.5828135932971055 8.611631615549895 8.100020137878724 5.624196263816012
9.013418389769786 2.272708870974242 0.4182164102658603 8.10736933356934 3.5932454357295196 0.4379405943573411 0.6483313418108416 3.072375352454897 0.05369275009641572 6.596962214129482
8.758988152316341 6.008219888876656 0.15166325412221182 1.0175993470968214 3.4965007318955657 9.696480812580742 8.688008135601564 1.773813110723863 3.7380171617867286 7.211228852209253
0.17237309555136804 3.4359354442826007 9.838871988638493 9.491788556518793 2.105943994001258 2.4615790798806114 2.286469902539424 4.812863083499633 4.738352478464826 6.226009143817648
9.514026129617669 9.283186597275323 1.852272378346732 0.843646248172365 4.081019473550587 4.623010927534338 9.638995801568953 1.457764303321677 6.593215306338884 1.9023703447057305
1.0505539274039677 7.513336584188291 9.71364036930336 7.666212939162157 1.148702112818285 4.678376031803436 0.4069075590044957 1.9291241142427695 4.918361308610033 4.542001426565227
7.162793661410448 5.891510223857599 2.7728733293537577 2.9928576627500236 0.361004855154865 0.9107515513296671 0.550689068864374 8.26940576882725 8.16756636166195 9.254972742881776
0.18787881753608016 0.07398773080798393 7.3942951362666784 1.4737190530602617 4.448116326246692 1.855465864480046 8.606329061970373 4.83897250273314 4.101555243483953 9.390622290843824
7.428702709924004 2.241572878514143 8.766282514518268 0.1324003688735087 9.481470321496527 1.1722612214154648 3.260798571839162 9.443452292983189 4.663900170337946 7.973192911701847
9.763238217655834 1.7963597419473187 7.611774206108227 3.414915826593543 2.3328151115114846 7.297270234829263 5.067841788988208 1.835446525322908 4.421235255082532 6.477596587064548
7.634001164088988 7.572216221041385 1.886591540863476 9.198807965128022 2.9147820797030546 9.22430468968796 3.7195181293508996 6.728236360135797 9.415236482580315 4.401513827576028
0.20114716030359525 9.569209040517011 5.722344024805156 5.048480273234793 3.5346774951695337 7.466715073046629 7.477566583180559 6.17615855263136 9.127130614427713 2.160195497968531
5.439195078704353 8.889657011983074 6.64513141231285 7.917944394166301 1.5366476247013583 1.9705412650547915 8.7283247042065 9.662995946336776 6.234898788326097 4.95336365543381
1.8162934766836825 3.58826488399186 9.755728385138184 9.630318758728894 7.929620562783236 0.5590929769746755 1.7434994762043576 6.224563628903405 8.442993368550708 8.31425469774558
8.816688687106334 5.091881946385351 0.8980229527344297 4.501854636161581 7.112405813970961 4.742016731455131 7.725709135747872 8.924450097137255 7.409659138595021 2.2151276221966034
1.3832522051887064 0.018113398231414113 3.7081349789011373 2.405479111598571 3.8571775704216584 7.553046965754443 2.242779355471558 8.793600873506035 9.744501950953117 0.8187522412417958
6.830478825404654 9.229802137739165 1.195941028537898 9.144639148751592 8.173663194303092 6.906066914660167 9.889917046455299 9.507363871776963 9.28665637182553 8.459992307729081
5.90339697622816 4.18906139569077 6.564128981491796 8.27357592153083 5.855353750377024 9.976041732149545 6.177012916852622 0.46129810441378316 3.020909282739672 9.22539682502428
8.459758722436778 7.786084929602977 0.2489848401540462 2.2773690601114103 8.743831054479555 9.798380651613275 2.463547320551398 0.15421110113646774 1.695850609712115 0.8626952333155191
9.288311053665526 6.261665304890908 7.634813082252427 2.4176359400775613 9.907011966926015 5.897078085312333 3.5313226299923905 2.8095732983385844 1.6561441529911558 2.7685552010912295
8.432800146249553 2.34672823457011 1.0443133008617345 2.4424571398935226 2.9121370276389893 0.8396135499687152 0.9021196427980016 3.661920325807877 4.803287394014266 9.825397886764701
0.18876199544012429 9.816985133355798 8.965798730812741 1.9179063554596787 3.6163061538687025 4.497297769947698 7.111301894495363 5.281606219847493 6.6998364428190635 7.021247274376224
4.828499807706135 2.0970750023942344 8.101471237966596 6.110787611752617 6.859200733571057 6.067079740934198 5.208487686372801 2.4690864698629333 8.406466113498768 5.506543426292585
0.7705679768462048 3.9185312158073273 9.796956714763267 5.3663155276303565 8.118446804931441 9.969516303591204 4.173070372519614 3.6597955838364493 9.99600133204078 6.215823312132761
3.0564910853748883 5.1931129505710185 1.360094215918628 2.7902987460289763 2.6032743382248835 8.243693067781848 9.637242438031434 5.264921443266541 4.161615725767859 7.888690970564607
6.873455914868789 0.842248786269153 6.34696360492283 3.0539083581666713 6.973347306737975 7.460611934136119 2.2651499589617394 3.0354535644740874 7.796888278791066 8.523330598424666
4.742735553185873 3.240540529403557 2.2669473263721054 1.3626005174799638 4.464771363532545 9.200470490581434 4.838012800076813 3.261604676688845 0.7737043754104489 2.5279729685324748
9.686270481284694 4.883782969826415 2.549164182369662 2.4227288695169538 4.803466029202284 7.29609047691126 7.066884483028815 1.5730371675087607 1.8117583661677894 5.4234645613377985
8.026030000182809 5.858224356121387 4.764022889173721 7.734607351652838 0.03771631633900596 3.1255450505274327 2.453839783888249 9.234588219383607 5.783519290427822 7.496950135037185
7.831661992727744 2.4276545167743393 3.781296379997845 2.155251738591122 5.008424882726552 8.814032684063918 9.236648728060704 5.3658481195542915 9.025128219507819 1.6973939541090488
7.811873066451591 1.6093109888050816 6.0766796537222 9.605045100401023 2.310267413642859 2.131785727407469 2.200561854781956 8.460799148942181 5.252171505959429 6.964286626216879
6.575647500614083 9.800870293995938 6.11013221134116 3.518617472149892 1.5237515585791805 1.7860288729820517 0.5741116131876123 5.2367827272249015 5.066277032524967 9.538638269141298
0.6336566129444998 7.452398245572888 3.4605769650370455 1.421094797504192 8.492478322198524 6.616753115658445 0.525418396035946 8.27257329377441 4.371894597039155 3.3488065612211217
7.762201831622209 3.3338781985457464 8.11310959542276 9.387555985291572 4.288354225839925 1.6155864827910449 7.154322181831082 3.4568432188627627 8.421581079324776 8.802563272232627
8.937162465037213 1.2968120492251356 3.388423879835539 1.438315616632685 4.087980897472292 0.6728674597600248 8.077843165029043 2.0955486551102664 7.823022617831471 3.0421322534165474
0.020303685089267942 5.5146717969878765 0.9425414805368904 9.739030484664196 1.8451110526555492 4.27989669543921 8.507415919340334 2.0357756154601048 4.353510130671624 5.502959433235244
3.832854922230333 1.240173396269535 9.04232493791062 3.1973878072734605 7.787287313818955 7.112300469182598 0.42268240080167496 4.551629235974564 8.55055073759942 0.3132478734282296
3.8006279815815147 2.1472386337189153 4.964009593657782 7.343271389790561 7.321210960788341 8.318726911477388 7.396245489507257 4.48332358412274 8.0248767906031 2.3145474023821286
3.651482929959582 0.6230841115584118 0.4247731340569283 5.694101778257777 3.8639244893787628 7.540247573537694 2.685842744711502 6.483529595249279 7.5496887754628474 0.18997048927642646
9.871338284929958 8.013435689914644 8.029058143858988 8.870011364083174 5.9196627041610075 4.074607539522985 4.285259702086125 9.746248721174224 6.024204961061112 8.053156261928827
7.992017434011773 0.15489614461219658 8.91110288663973 0.04441249680269488 3.920630348899472 0.341876041661322 4.144634025801652 2.595296053165146 5.228347984544271 3.8564532012945274
3.0372006328421497 2.6877666569323866 1.23332649794343 4.68537290139654 3.0006373776833017 4.851361029210265 4.197468625295128 0.3953843794541656 4.2478422608986115 7.880702943349071
3.366962743613934 7.046175619510388 4.638487106860829 5.534270032802414 9.061354871047373 3.4423833796171777 3.159843293741834 9.80359011076162 6.955502122249073 9.412482278661297
5.043507442413132 3.8674280669431993 2.8647689750728214 5.234002453559757 1.8410929103949947 0.6834199244063177 1.3223488381883552 7.0686560748129885 7.916709795491902 2.319995339464931
7.028602570404545 6.3276067192135175 0.7613216781982535 4.594324423249332 6.855829315585541 9.256244261397107 6.293837797070838 1.3574162902540154 1.5078900524712924 6.709475519317282
1.886060898963412 2.8553813229811764 0.16263025355412353 3.0826802525096966 9.233378686476762 2.996268687258717 8.466058493572993 7.670118630607829 6.390350465405201 1.0647725064353164
0.1007509255832606 1.3417266522766047 3.300109514077519 4.452497385010839 4.816975595592533 6.360863544689201 7.968762294240187 0.3093592452114491 1.2935359421116432 7.409726253495763
1.0707372710228935 5.672093949376729 1.4863570755803557 7.44578334100656 5.218297200877254 7.58873127702598 4.226348920946768 2.8817189962088285 1.3881953744430486 7.033285028633616
9.744097300287065 8.763021447570022 9.070723250666159 2.992800460621793 3.5274511237487207 6.111490662711441 8.591161804982692 6.009292090197016 7.459085830879274 0.40957826500026995
3.750912632064222 3.671992332963728 8.534645279748519 2.3196152484623136 0.4453567802212921 4.080725179577781 0.628070639175875 9.163624070674242 2.237742926019294 7.139107408138959
2.7492503685536676 8.433551644499778 7.003188166583953 7.686672948365477 8.030132966319906 2.658397441595638 9.704124510794841 8.941905170159647 1.2789660185890372 8.323859774575661
5.118302140764275 9.503550639241237 9.358334212694183 0.22175279320465924 0.9127169217972153 2.2454826735928846 7.87119266555476 6.60059689712093 5.841603503467687 8.84077058449672
9.680098414385572 9.795420817605905 0.043893893974238374 9.363502119825599 5.638367096024721 1.6339560115033236 4.425309638501709 2.442296235510085 5.577892110616372 2.848043257760453
3.9325254942805743 7.777335970128171 8.076878551991864 0.9632128156384612 5.16159797516745 9.483140926894345 0.8217662750347576 1.6960431934178521 2.1901325269248604 5.682187465097331
9.481124201920046 4.758036821421139 5.782410723461404 7.049878129716042 1.9253183154866649 6.14639756524627 0.1889827364811869 4.599252801962075 6.3542710167537555 5.496236725822808
8.646980390826315 4.894220597703553 6.436641869899127 8.8753678230243 3.3846849601553384 9.092986192094454 3.9172824839164635 4.521997506767081 8.44363634818732 0.7487346393022887
9.315823222461276 1.457258628102337 3.953849338678106 6.13252712116901 4.317776378185019 8.64867166753125 8.632456475552765 9.993750272257357 5.250548416948554 5.457260868526038
3.2233713017379806 9.136358559399145 5.640271500930209 2.470192455092708 1.3553263155842799 5.964529842796498 7.261382946114364 5.502445713280137 5.867906468850073 4.239253730660603
3.3193911712328497 4.545163057012144 8.039968051781981 9.68775892083188 4.448288168500554 3.744969614829615 4.352093511021321 8.820574898018178 8.0575813058597 8.11769295503372
0.42450106913711205 0.3364197435735805 4.229932382783206 7.631553782666839 4.594093827742359 4.832987660424493 6.848908561928592 9.539037898685661 4.229097531485091 0.1921116895255981
6.92736600091736 5.393302134860999 6.327003818067408 1.9706535475546672 6.210500328054773 0.054108046044754055 0.20129585099838754 0.40388076889076086 3.0436173345868553 6.169915066336563
4.134708674818367 8.21596150181935 9.223188387023374 9.116907663988133 9.761532131290888 6.332619259594111 6.09077448741516 4.182370416951873 7.638735194308018 7.803861854083745
0.48291825929740906 9.89896758233458 4.9754565573925245 3.770101125735609 6.316114263285957 8.868122794122685 1.8126687308223988 9.142867181931239 5.564489999213946 0.15483267661162814
5.079591610316175 9.821710845908862 3.1788426146538704 5.392895389776642 0.9006957370649704 7.731778218075416 4.099188355358514 4.108668628588751 4.286899601016231 4.741934342934786
6.929007168665065 2.4531173090285807 1.9168359022155712 1.6112013584274432 8.06786769444135 3.5260485256793817 8.098819158175676 3.511668226836556 2.140145386392629 6.783074664404019
6.2014236151732325 9.388918545125826 9.411054145019751 8.634983175822992 7.850333321743684 8.4464150740293 8.547230755651622 6.28083568006391 0.011404329257747037 3.378171082146496
3.557626858617211 2.0602563695022713 5.714634166572806 6.624423711265722 7.041478412030329 6.167012471922532 7.621006375502976 2.8879234487124905 7.973638832926873 1.4351293380356456
4.893941914211949 8.423838427514973 1.1735750472941908 5.090422653838067 2.9093502990438767 5.204163676232144 7.332845378631863 8.854474522213076 2.2230469589771396 5.957919882112074
7.016892339130587 0.594712616203843 7.911561406630861 4.301309706746349 9.410495533629424 7.833404167014085 2.912131648769173 2.6973997697100827 6.742250922059311 5.8600048075559465
9.309943203930903 9.822778075096393 8.301955623778511 0.9354528879004931 9.655437490045294 8.069031786854866 3.7557916747853106 2.1336333242167704 6.341779422305764 1.3697821721245207
4.067721838579683 3.7343800969518046 0.832340801395931 3.319400141150793 9.75152156733597 3.764026636817319 6.10032164317454 5.637419187833589 0.40638945628503453 3.2736509127951265
5.02739525807045 7.433051947633345 6.530094941078812 5.251805260490723 4.705530592179866 6.437110086091508 4.457135810364415 1.687662858207839 1.595910535884837 4.394010804509232
7.935392175049683 2.2321499938301304 5.321129675886947 0.14445476454488126 5.3332856004011635 8.148775851757822 9.501621846070785 5.579738116397417 9.760458474332461 0.8025114391298449
6.494533245299321 1.611564441647566 0.48851452175651233 4.804212275818828 9.153019494993295 3.576602511969691 7.974366000519023 2.1097151624041963 6.796216727088149 8.082934393044034
1.5172600405933045 4.866885893924487 4.464896762069115 6.205922061479057 8.12156140943828 1.6105305979997941 4.235084028767425 1.1539188556958346 3.4908956611272024 3.5242257292462975
4.871679939900975 2.049636884359728 1.2452604515610965 4.919764538300761 1.4264004762989757 9.310871594520076 4.431238033236692 4.829053900676483 9.519104566906924 1.2646827383456916
4.186454158961464 4.659940831337499 9.98885198027185 6.092012832341141 4.022941533666511 0.23658360280690793 8.360797002593978 7.9751192314839106 4.610086560607247 5.2266295854901665
